25
200
15,3,13,1
17,5,13,4
19,2,18,6
17,1,17,5
13,11,3,5
16,12,5,5
11,4,8,1
16,14,3,1
13,11,3,3
18,6,13,5
19,3,17,6
18,14,5,5
13,11,3,1
20,14,7,3
17,3,15,4
19,1,19,5
15,12,4,5
16,2,15,4
20,7,14,6
15,9,7,3
17,12,6,4
17,3,15,3
13,6,8,4
12,7,6,2
11,6,6,2
18,1,18,5
16,2,15,2
20,5,16,4
13,9,5,5
15,1,15,5
13,13,1,4
16,1,16,5
12,8,5,3
20,9,12,5
18,16,3,6
20,18,3,3
17,13,5,4
20,10,11,6
17,17,1,2
15,8,8,3
17,12,6,3
18,11,8,2
16,1,16,2
11,1,11,2
13,1,13,4
19,17,3,3
14,4,11,4
20,14,7,1
13,4,10,6
19,7,13,4
18,16,3,1
14,7,8,3
14,7,8,6
18,9,10,4
12,1,12,2
15,12,4,6
13,3,11,4
18,3,16,5
13,7,7,5
19,10,10,2
19,9,11,5
14,1,14,4
17,11,7,6
12,6,7,2
13,2,12,5
19,5,15,3
14,9,6,1
13,11,3,5
20,18,3,4
12,1,12,6
12,2,11,6
17,2,16,6
12,6,7,5
18,12,7,5
12,4,9,5
19,9,11,6
20,2,19,5
11,10,2,5
18,2,17,6
19,5,15,5
15,15,1,5
12,8,5,4
19,7,13,5
16,8,9,6
19,4,16,1
15,8,8,3
13,6,8,4
13,2,12,5
20,11,10,3
14,8,7,4
14,6,9,4
12,11,2,3
12,12,1,2
17,17,1,5
18,8,11,2
14,5,10,4
19,3,17,5
17,14,4,5
12,2,11,5
13,8,6,3
20,12,9,2
19,18,2,2
19,14,6,1
20,9,12,6
17,1,17,4
18,15,4,3
14,10,5,2
16,3,14,2
17,4,14,3
11,8,4,6
15,4,12,1
18,2,17,3
12,6,7,3
16,4,13,4
19,15,5,4
15,13,3,4
11,7,5,5
17,11,7,5
19,15,5,3
15,11,5,3
15,6,10,6
17,11,7,1
13,12,2,4
20,1,20,4
18,14,5,6
15,14,2,2
11,3,9,4
11,8,4,2
17,8,10,4
19,6,14,6
19,12,8,6
14,3,12,5
19,8,12,3
15,7,9,6
15,4,12,5
12,6,7,3
20,13,8,6
17,6,12,4
13,2,12,4
20,4,17,6
15,1,15,4
19,17,3,2
11,4,8,2
14,6,9,2
12,2,11,6
20,14,7,1
16,9,8,4
17,15,3,5
14,11,4,3
14,14,1,3
18,10,9,1
17,5,13,4
18,8,11,1
12,6,7,3
20,9,12,2
18,16,3,3
20,6,15,4
18,3,16,2
16,12,5,1
16,2,15,5
12,10,3,1
11,3,9,6
18,16,3,3
12,11,2,4
11,5,7,4
12,10,3,1
12,4,9,6
16,4,13,3
15,8,8,1
16,16,1,4
18,1,18,6
16,4,13,4
16,4,13,4
16,9,8,4
11,2,10,2
13,9,5,2
14,5,10,2
17,17,1,4
17,1,17,2
19,8,12,3
15,2,14,5
11,11,1,5
12,8,5,2
18,4,15,3
19,13,7,4
17,13,5,5
18,10,9,5
15,11,5,1
13,5,9,3
15,12,4,2
11,1,11,1
16,4,13,3
13,2,12,4
12,10,3,2
19,10,10,6
15,13,3,5
17,15,3,5
17,1,17,1
12,1,12,5
12,10,3,6
250
13,1,13,1
12,2,11,2
19,16,4,6
11,10,2,4
13,4,10,3
15,1,15,2
13,12,2,6
18,9,10,6
17,14,4,4
19,15,5,4
14,14,1,6
15,1,15,2
18,7,12,4
15,9,7,4
13,5,9,6
20,4,17,2
19,14,6,6
15,5,11,6
15,14,2,6
15,5,11,1
12,2,11,5
13,11,3,4
11,1,11,1
11,2,10,6
15,15,1,2
12,5,8,6
12,8,5,6
19,16,4,4
18,16,3,4
11,3,9,6
20,3,18,2
19,9,11,5
12,8,5,5
18,15,4,4
13,1,13,2
17,14,4,5
14,10,5,6
13,2,12,3
11,2,10,4
18,8,11,3
16,2,15,6
12,11,2,1
19,3,17,3
14,5,10,6
14,11,4,6
17,4,14,3
18,17,2,6
12,9,4,6
18,14,5,4
20,6,15,2
15,13,3,3
18,11,8,2
11,3,9,2
13,4,10,4
13,11,3,1
19,13,7,1
11,5,7,1
19,11,9,2
11,8,4,6
12,3,10,1
14,10,5,5
19,2,18,6
12,4,9,4
11,3,9,2
18,15,4,2
17,9,9,3
20,5,16,1
13,2,12,4
17,7,11,4
14,2,13,5
11,9,3,6
15,7,9,4
15,14,2,2
16,2,15,5
11,10,2,2
16,8,9,5
16,13,4,6
18,17,2,2
14,8,7,3
12,4,9,3
13,7,7,4
16,14,3,3
15,10,6,4
12,8,5,5
18,8,11,4
17,4,14,5
16,7,10,1
17,16,2,6
17,4,14,2
18,16,3,2
17,16,2,4
19,3,17,2
19,10,10,3
11,2,10,5
17,10,8,5
19,2,18,5
18,2,17,4
19,17,3,1
13,3,11,2
20,8,13,4
16,12,5,3
19,11,9,2
14,3,12,2
11,3,9,4
17,3,15,4
15,5,11,6
17,3,15,2
16,11,6,5
14,2,13,4
19,3,17,3
15,8,8,5
13,8,6,1
18,14,5,5
20,2,19,3
15,6,10,6
19,16,4,6
12,2,11,2
18,17,2,5
19,3,17,3
16,2,15,4
20,20,1,1
19,17,3,2
17,4,14,5
18,5,14,4
11,4,8,4
15,15,1,1
12,6,7,2
19,2,18,6
19,9,11,3
19,16,4,1
15,7,9,2
18,1,18,5
14,10,5,4
15,3,13,2
16,12,5,5
18,15,4,1
18,4,15,3
11,6,6,5
14,4,11,2
13,12,2,4
15,7,9,6
19,19,1,2
18,15,4,4
19,18,2,1
17,6,12,4
12,4,9,3
17,12,6,2
13,4,10,2
17,5,13,1
14,4,11,1
20,12,9,4
14,8,7,5
18,17,2,3
19,2,18,4
17,4,14,1
11,3,9,6
14,8,7,1
13,7,7,4
15,12,4,1
12,12,1,1
15,12,4,2
12,8,5,2
14,5,10,6
17,3,15,4
14,13,2,3
13,9,5,4
20,4,17,2
16,13,4,5
15,9,7,1
20,2,19,6
19,3,17,1
19,16,4,4
13,2,12,1
18,11,8,2
18,13,6,5
20,12,9,3
20,6,15,2
16,9,8,1
11,1,11,2
13,11,3,3
19,9,11,4
11,5,7,4
14,11,4,3
20,9,12,5
14,10,5,1
15,2,14,5
15,13,3,5
20,1,20,1
12,6,7,5
18,12,7,5
15,8,8,1
16,11,6,2
16,8,9,3
15,2,14,1
14,14,1,2
12,1,12,4
13,12,2,6
16,11,6,2
14,7,8,6
12,6,7,5
17,15,3,5
20,9,12,1
17,14,4,3
13,13,1,1
16,12,5,4
17,2,16,6
19,12,8,5
15,15,1,2
20,16,5,5
17,15,3,6
11,4,8,5
17,6,12,2
12,10,3,1
18,1,18,2
20,8,13,6
13,12,2,1
11,1,11,1
15,12,4,3
12,10,3,2
14,10,5,1
16,6,11,4
11,6,6,3
17,5,13,4
19,18,2,6
13,5,9,1
12,4,9,1
17,4,14,6
15,3,13,2
17,4,14,5
13,1,13,6
15,11,5,2
20,11,10,5
14,1,14,6
20,12,9,4
13,10,4,6
20,12,9,3
13,7,7,4
19,9,11,2
20,1,20,6
19,2,18,6
16,13,4,2
15,5,11,1
11,1,11,1
13,9,5,1
12,11,2,1
14,12,3,3
18,18,1,1
14,10,5,2
13,8,6,1
20,9,12,2
175
15,10,6,2
18,7,12,3
22,18,5,5
23,18,6,5
16,14,3,7
16,4,13,1
11,6,6,2
16,5,12,4
19,1,19,6
16,1,16,5
16,2,15,2
11,3,9,7
22,2,21,8
13,9,5,8
21,12,10,1
14,14,1,1
24,15,10,6
15,6,10,6
19,13,7,6
24,2,23,4
13,4,10,2
22,16,7,2
19,11,9,6
16,7,10,4
24,15,10,4
19,18,2,7
14,5,10,4
24,15,10,1
24,1,24,8
22,14,9,4
12,11,2,2
22,5,18,5
15,12,4,7
16,11,6,5
24,10,15,2
20,15,6,2
21,13,9,7
15,14,2,6
11,2,10,4
15,11,5,2
20,6,15,5
23,10,14,5
23,13,11,8
19,5,15,5
24,23,2,6
23,6,18,2
22,12,11,3
20,14,7,4
15,3,13,1
12,3,10,3
13,7,7,1
18,15,4,5
17,10,8,8
16,11,6,8
11,4,8,4
20,11,10,4
21,1,21,8
17,3,15,7
14,6,9,5
13,7,7,8
13,7,7,1
23,19,5,3
13,10,4,6
16,16,1,4
17,10,8,4
21,9,13,3
24,12,13,1
14,9,6,1
22,8,15,6
21,7,15,1
23,4,20,7
19,4,16,3
17,17,1,2
20,17,4,5
14,12,3,7
15,15,1,8
24,23,2,6
23,21,3,8
24,23,2,3
13,9,5,2
20,9,12,6
14,1,14,5
17,17,1,8
13,4,10,1
20,2,19,6
12,2,11,5
23,2,22,5
16,2,15,4
17,7,11,1
21,17,5,2
12,4,9,5
18,6,13,8
22,17,6,8
15,10,6,6
15,2,14,8
18,18,1,7
17,14,4,3
21,14,8,1
23,2,22,4
16,5,12,8
20,3,18,8
12,2,11,2
22,12,11,4
23,21,3,2
15,12,4,8
18,1,18,6
15,4,12,4
13,8,6,4
16,13,4,8
17,13,5,1
22,15,8,8
16,14,3,4
17,12,6,7
11,7,5,3
20,16,5,6
14,6,9,6
18,12,7,4
15,10,6,7
14,4,11,8
19,4,16,4
20,9,12,4
12,3,10,2
17,1,17,6
12,7,6,1
19,3,17,5
21,12,10,7
11,6,6,4
13,4,10,8
20,4,17,5
24,7,18,6
16,10,7,7
19,18,2,6
11,4,8,2
13,13,1,6
23,18,6,2
20,6,15,7
12,1,12,5
24,10,15,6
17,5,13,2
23,20,4,2
18,14,5,1
22,7,16,5
22,11,12,6
20,18,3,6
11,10,2,1
12,1,12,8
21,5,17,4
15,7,9,4
21,10,12,5
13,4,10,8
15,5,11,8
18,7,12,6
20,4,17,4
21,16,6,8
18,13,6,3
20,11,10,7
15,14,2,3
24,22,3,6
21,4,18,3
24,14,11,2
23,17,7,1
13,2,12,3
22,7,16,4
14,2,13,8
11,2,10,4
21,20,2,1
19,17,3,6
19,11,9,2
11,5,7,6
20,9,12,2
20,11,10,1
24,24,1,7
18,16,3,4
18,7,12,5
17,1,17,2
180
11,3,9,8
22,8,15,2
13,5,9,1
13,2,12,7
11,3,9,2
13,12,2,6
20,9,12,6
24,15,10,2
17,9,9,2
22,4,19,4
12,5,8,3
19,10,10,2
22,5,18,4
13,7,7,4
24,3,22,3
13,1,13,8
24,23,2,7
16,4,13,6
20,12,9,1
23,14,10,1
22,1,22,1
11,3,9,2
19,16,4,8
14,9,6,3
24,8,17,1
11,7,5,6
24,9,16,4
17,14,4,1
22,7,16,4
12,1,12,4
18,12,7,1
11,5,7,3
22,10,13,7
13,13,1,2
19,7,13,7
11,9,3,7
23,9,15,3
24,6,19,1
14,9,6,3
18,7,12,3
21,18,4,2
17,6,12,8
21,5,17,4
20,7,14,5
20,14,7,7
14,14,1,5
16,8,9,7
24,24,1,2
17,15,3,6
24,3,22,7
18,13,6,1
22,3,20,1
20,1,20,5
21,18,4,6
14,1,14,6
22,17,6,1
16,1,16,2
21,11,11,4
21,1,21,3
12,1,12,4
23,3,21,8
17,10,8,8
23,5,19,6
12,8,5,6
20,20,1,8
22,12,11,3
16,3,14,6
22,1,22,8
18,12,7,8
17,8,10,1
11,10,2,2
18,14,5,1
24,16,9,6
11,9,3,7
24,11,14,4
12,8,5,5
24,9,16,6
21,14,8,3
14,1,14,7
18,12,7,6
18,17,2,5
13,10,4,3
21,11,11,5
20,10,11,8
19,14,6,8
16,2,15,1
23,13,11,2
20,14,7,6
14,11,4,6
23,2,22,8
12,6,7,1
14,2,13,5
13,7,7,8
23,9,15,1
24,9,16,5
15,1,15,2
21,1,21,4
23,14,10,4
23,12,12,6
14,1,14,7
23,8,16,6
18,10,9,2
14,1,14,7
17,11,7,5
20,14,7,7
13,4,10,6
14,6,9,2
23,7,17,7
14,1,14,6
16,14,3,2
24,23,2,5
13,12,2,2
16,14,3,4
23,21,3,5
11,6,6,7
11,10,2,7
16,13,4,7
24,23,2,6
18,6,13,7
11,5,7,8
21,18,4,8
24,3,22,2
19,2,18,8
23,10,14,1
15,11,5,7
23,8,16,4
17,5,13,1
13,6,8,1
15,5,11,8
16,3,14,3
13,1,13,7
18,17,2,2
11,9,3,1
11,3,9,1
23,19,5,8
15,7,9,7
21,3,19,1
13,1,13,5
14,9,6,8
17,13,5,8
20,16,5,2
20,1,20,2
14,11,4,7
22,4,19,2
16,7,10,3
20,14,7,4
21,2,20,4
22,9,14,5
23,12,12,1
12,6,7,5
17,1,17,5
24,15,10,2
23,11,13,1
20,8,13,2
15,5,11,8
18,5,14,2
12,9,4,6
24,21,4,8
23,18,6,5
11,3,9,7
21,1,21,3
16,5,12,3
15,15,1,3
18,2,17,4
19,17,3,6
15,5,11,8
24,7,18,4
22,6,17,6
16,3,14,8
16,2,15,8
16,10,7,2
22,19,4,5
14,3,12,1
22,2,21,1
15,5,11,4
18,3,16,6
21,17,5,2
14,4,11,1
18,13,6,5
12,2,11,7
300
16,15,2,2
11,9,3,3
13,1,13,7
16,6,11,3
13,10,4,4
14,4,11,6
16,10,7,2
12,1,12,1
24,2,23,2
20,17,4,6
15,4,12,7
14,14,1,4
24,12,13,6
17,1,17,8
18,15,4,3
18,5,14,1
14,5,10,5
14,2,13,8
19,6,14,3
15,13,3,3
24,4,21,3
23,21,3,7
12,8,5,3
18,2,17,2
22,8,15,1
13,5,9,4
12,9,4,1
22,20,3,6
12,12,1,6
13,7,7,1
22,11,12,2
12,3,10,2
14,10,5,5
15,15,1,3
16,9,8,7
16,14,3,2
17,5,13,7
14,9,6,8
19,4,16,6
20,6,15,2
15,8,8,6
11,2,10,8
17,1,17,2
19,9,11,3
17,1,17,6
22,11,12,6
18,14,5,8
16,5,12,3
13,2,12,3
16,1,16,7
16,10,7,6
13,5,9,3
15,11,5,6
14,12,3,6
18,3,16,8
21,19,3,5
16,9,8,5
24,18,7,2
20,3,18,6
18,10,9,1
19,15,5,2
19,10,10,1
13,1,13,2
18,17,2,1
15,14,2,8
18,17,2,8
19,13,7,3
12,5,8,2
12,7,6,4
12,9,4,4
13,2,12,2
23,17,7,8
13,7,7,7
14,3,12,8
20,17,4,5
21,19,3,8
20,7,14,8
14,6,9,7
14,6,9,8
13,7,7,3
20,6,15,4
12,8,5,3
23,8,16,3
11,11,1,3
15,1,15,8
17,7,11,4
19,10,10,4
21,20,2,8
20,14,7,7
15,12,4,3
16,4,13,4
16,4,13,3
18,8,11,2
13,3,11,1
24,7,18,6
20,10,11,5
12,9,4,1
14,13,2,8
11,3,9,6
19,15,5,5
11,6,6,4
17,15,3,5
20,12,9,7
22,13,10,3
24,3,22,3
13,8,6,5
18,11,8,6
18,14,5,4
16,12,5,5
23,11,13,7
22,10,13,1
16,1,16,6
15,7,9,5
11,5,7,5
19,7,13,4
23,8,16,4
16,4,13,2
24,1,24,4
13,4,10,7
24,4,21,3
15,2,14,6
20,6,15,5
21,14,8,7
22,20,3,1
20,11,10,6
14,9,6,3
24,18,7,8
11,4,8,2
21,11,11,2
11,9,3,8
18,18,1,3
19,2,18,3
13,2,12,7
21,3,19,8
18,3,16,3
16,10,7,3
16,15,2,4
23,10,14,7
19,7,13,3
19,7,13,3
20,13,8,8
11,4,8,5
17,17,1,5
16,7,10,8
13,4,10,4
24,7,18,4
13,12,2,3
23,11,13,8
13,11,3,8
23,19,5,4
11,5,7,8
22,6,17,8
18,18,1,2
18,14,5,2
16,8,9,6
11,6,6,6
23,2,22,4
17,5,13,4
21,11,11,3
23,14,10,1
17,15,3,1
24,10,15,6
22,3,20,5
14,6,9,5
13,5,9,8
24,17,8,3
14,7,8,1
20,9,12,1
19,3,17,5
11,8,4,4
17,10,8,5
12,2,11,4
11,3,9,5
11,11,1,7
11,4,8,4
14,6,9,4
16,4,13,3
16,12,5,8
12,8,5,4
22,5,18,6
23,1,23,8
20,4,17,5
12,4,9,5
13,2,12,3
15,3,13,6
22,19,4,5
14,2,13,2
22,9,14,5
15,4,12,6
23,18,6,2
24,17,8,1
15,2,14,2
12,7,6,8
11,6,6,6
19,11,9,5
16,14,3,4
23,8,16,6
22,19,4,1
11,8,4,8
13,3,11,2
15,14,2,8
24,22,3,4
15,3,13,5
23,22,2,5
22,19,4,5
13,6,8,3
15,14,2,6
13,4,10,7
15,10,6,1
16,2,15,4
18,7,12,5
14,1,14,1
22,14,9,5
11,10,2,8
18,15,4,3
20,5,16,6
18,11,8,1
11,4,8,5
24,20,5,1
22,8,15,4
24,20,5,3
21,11,11,3
16,3,14,6
15,13,3,4
17,3,15,2
20,7,14,5
20,1,20,3
23,16,8,2
18,9,10,7
13,9,5,5
13,12,2,1
18,13,6,5
21,20,2,2
14,7,8,3
18,8,11,1
23,10,14,5
22,15,8,3
18,15,4,3
24,4,21,8
20,13,8,1
14,12,3,8
13,8,6,2
18,18,1,7
11,10,2,1
21,18,4,2
16,1,16,3
13,9,5,4
14,11,4,5
22,2,21,5
19,3,17,8
18,16,3,8
14,14,1,2
19,6,14,5
15,11,5,7
15,5,11,3
17,14,4,6
23,18,6,5
24,20,5,3
17,15,3,6
17,13,5,7
11,8,4,3
22,14,9,1
13,2,12,3
21,17,5,5
18,10,9,7
16,6,11,4
22,17,6,2
24,11,14,6
17,5,13,6
23,23,1,6
16,10,7,3
14,1,14,4
19,17,3,4
18,4,15,7
20,6,15,4
13,1,13,7
15,14,2,4
12,9,4,1
17,14,4,7
19,11,9,8
14,4,11,5
23,10,14,2
21,2,20,8
17,8,10,3
19,15,5,2
12,5,8,2
16,12,5,6
22,12,11,8
14,8,7,4
13,3,11,8
23,3,21,4
22,3,20,8
14,6,9,8
11,5,7,4
14,13,2,4
20,15,6,4
20,13,8,3
18,4,15,2
22,15,8,6
13,6,8,6
215
18,15,4,8
26,14,13,7
15,12,4,5
25,8,18,3
20,2,19,4
22,4,19,8
21,8,14,1
17,13,5,6
29,26,4,3
28,7,22,2
22,22,1,1
26,16,11,2
18,3,16,7
25,18,8,5
28,24,5,8
23,5,19,8
22,6,17,8
19,3,17,1
22,14,9,6
26,23,4,4
16,8,9,7
18,13,6,7
26,24,3,5
21,15,7,8
28,18,11,6
21,17,5,4
17,12,6,3
30,29,2,4
28,27,2,8
28,28,1,8
30,30,1,7
23,3,21,3
26,19,8,5
21,1,21,6
20,2,19,2
30,14,17,8
29,8,22,5
15,6,10,5
18,10,9,4
22,1,22,5
15,4,12,3
26,26,1,1
28,27,2,3
16,9,8,4
17,13,5,5
18,11,8,5
17,3,15,2
19,14,6,8
15,8,8,5
24,1,24,4
27,14,14,4
29,2,28,6
16,13,4,8
20,4,17,7
18,17,2,4
24,1,24,7
22,8,15,2
26,1,26,2
16,13,4,6
19,4,16,3
15,10,6,6
23,5,19,4
23,23,1,3
26,17,10,4
23,18,6,4
20,4,17,5
22,17,6,5
23,6,18,3
27,4,24,8
22,5,18,5
22,20,3,3
17,1,17,7
17,2,16,7
15,5,11,8
19,3,17,4
26,5,22,6
18,9,10,7
24,22,3,4
23,7,17,4
17,16,2,8
15,15,1,7
15,15,1,7
29,23,7,3
17,12,6,6
21,15,7,7
15,9,7,8
16,9,8,3
18,5,14,7
22,1,22,1
15,6,10,2
18,12,7,8
21,8,14,7
18,15,4,3
20,11,10,5
21,7,15,3
19,9,11,8
30,30,1,3
25,20,6,5
23,11,13,5
21,12,10,8
26,14,13,8
30,12,19,8
18,7,12,5
22,22,1,3
17,2,16,2
18,10,9,8
21,20,2,8
18,12,7,2
20,6,15,2
24,9,16,5
21,9,13,4
23,14,10,7
29,8,22,8
17,12,6,6
28,4,25,5
16,8,9,5
21,5,17,1
25,8,18,1
17,4,14,7
17,9,9,8
23,23,1,2
23,1,23,7
22,11,12,3
20,15,6,7
21,13,9,5
30,3,28,7
26,23,4,6
29,3,27,1
24,24,1,1
19,7,13,6
18,1,18,1
16,5,12,6
19,13,7,8
27,10,18,5
23,1,23,1
20,6,15,4
28,12,17,6
25,22,4,6
20,15,6,8
29,22,8,4
27,10,18,1
27,24,4,8
26,22,5,7
16,6,11,3
23,11,13,4
23,21,3,1
18,4,15,5
15,5,11,4
21,10,12,8
28,16,13,5
23,8,16,1
20,14,7,1
29,19,11,6
22,8,15,7
21,12,10,3
27,9,19,5
26,25,2,1
24,7,18,7
19,13,7,4
19,12,8,5
25,10,16,2
17,4,14,4
19,18,2,7
27,9,19,1
15,5,11,7
18,17,2,2
26,17,10,5
17,6,12,5
16,1,16,3
28,17,12,5
20,7,14,6
16,13,4,5
18,16,3,7
16,11,6,6
16,15,2,6
15,8,8,6
27,19,9,4
15,6,10,3
16,1,16,4
27,22,6,6
22,17,6,7
22,4,19,1
19,11,9,5
16,14,3,8
21,3,19,7
21,20,2,6
21,8,14,8
16,4,13,4
20,16,5,7
18,18,1,7
26,23,4,6
19,6,14,2
18,14,5,2
29,6,24,1
23,7,17,4
30,21,10,3
18,9,10,6
23,15,9,1
16,7,10,2
27,14,14,7
17,3,15,4
15,12,4,8
23,15,9,3
24,7,18,7
23,8,16,6
30,11,20,5
17,4,14,2
19,7,13,8
20,16,5,7
18,4,15,6
30,28,3,6
20,11,10,7
29,16,14,5
27,20,8,2
25,8,18,7
205
78,24,55,17
42,8,35,21
28,26,3,9
62,21,42,7
14,14,1,29
1,1,1,31
15,15,1,2
33,12,22,18
83,2,82,16
8,2,7,23
4,1,4,4
88,54,35,13
74,43,32,26
74,52,23,29
62,9,54,12
49,2,48,16
25,22,4,3
15,10,6,20
39,6,34,24
38,15,24,1
71,68,4,28
33,9,25,25
77,28,50,28
39,24,16,5
53,33,21,17
27,19,9,27
22,18,5,10
15,10,6,28
7,6,2,8
91,15,77,26
32,2,31,32
14,8,7,26
47,32,16,11
89,48,42,23
22,7,16,28
65,5,61,10
65,4,62,21
80,61,20,13
66,11,56,2
64,51,14,24
68,7,62,14
82,3,80,27
51,10,42,29
2,1,2,25
37,27,11,26
37,28,10,17
56,6,51,5
81,52,30,1
82,82,1,5
9,9,1,23
65,35,31,24
91,29,63,28
23,11,13,2
38,15,24,5
50,12,39,26
39,11,29,29
79,79,1,3
92,38,55,23
67,5,63,3
67,5,63,30
28,2,27,6
35,16,20,1
58,7,52,35
14,10,5,9
59,42,18,11
28,13,16,9
24,2,23,27
35,6,30,32
41,11,31,4
36,5,32,15
83,49,35,10
72,35,38,1
13,2,12,27
32,24,9,33
80,40,41,13
18,9,10,33
45,26,20,2
84,83,2,19
58,17,42,5
20,1,20,10
85,80,6,15
92,72,21,26
8,3,6,19
83,30,54,16
60,58,3,28
37,13,25,27
4,3,2,12
62,40,23,33
64,30,35,7
10,7,4,3
72,11,62,27
74,63,12,31
88,27,62,22
73,57,17,30
46,35,12,4
37,7,31,24
83,68,16,22
87,51,37,34
40,2,39,17
61,42,20,12
59,8,52,26
70,54,17,26
37,32,6,35
64,57,8,33
78,60,19,26
12,5,8,1
65,36,30,24
5,4,2,36
2,1,2,8
53,12,42,12
52,45,8,31
72,39,34,29
25,8,18,19
67,55,13,17
15,13,3,5
30,18,13,15
7,1,7,25
29,12,18,1
73,39,35,16
57,41,17,8
13,5,9,9
41,29,13,16
48,24,25,27
21,3,19,24
18,14,5,16
92,20,73,33
60,32,29,30
90,85,6,36
60,28,33,24
24,7,18,16
46,31,16,21
34,13,22,32
57,11,47,35
18,10,9,32
46,44,3,32
90,57,34,25
2,1,2,4
72,10,63,35
61,5,57,33
46,28,19,20
58,53,6,24
89,2,88,22
52,14,39,15
78,77,2,11
43,7,37,3
33,32,2,32
66,3,64,16
23,9,15,10
30,10,21,11
92,64,29,36
73,52,22,17
64,44,21,10
3,3,1,4
81,19,63,7
67,53,15,36
12,1,12,35
61,11,51,23
52,27,26,2
21,1,21,24
20,9,12,7
35,6,30,13
42,28,15,5
86,64,23,23
4,4,1,19
3,1,3,4
80,12,69,8
15,1,15,26
26,8,19,26
73,40,34,29
64,57,8,3
81,10,72,25
32,2,31,14
27,26,2,27
14,1,14,15
64,18,47,19
66,50,17,6
30,21,10,20
74,14,61,13
82,59,24,24
46,45,2,35
85,52,34,7
68,7,62,12
30,25,6,12
79,32,48,6
4,4,1,6
29,28,2,18
15,8,8,34
87,70,18,2
34,33,2,22
67,7,61,26
73,26,48,28
38,31,8,6
34,11,24,1
79,64,16,14
37,12,26,16
51,42,10,22
81,73,9,24
60,26,35,16
89,64,26,2
3,2,2,26
49,32,18,21
10,3,8,17
59,18,42,26
77,45,33,15
11,1,11,9
89
6,3,4,4
3,3,1,4
1,1,1,2
8,3,6,4
5,5,1,2
2,2,1,2
5,3,3,2
3,2,2,2
5,2,4,1
11,4,8,1
13,12,2,2
1,1,1,2
5,5,1,1
1,1,1,1
10,7,4,3
7,5,3,2
4,2,3,1
8,4,5,4
1,1,1,3
5,5,1,4
6,3,4,2
4,3,2,3
10,8,3,1
10,10,1,4
1,1,1,1
8,4,5,3
13,9,5,4
9,3,7,2
11,3,9,4
6,4,3,4
13,10,4,3
2,2,1,2
10,2,9,4
4,3,2,1
6,3,4,3
6,5,2,3
5,1,5,1
2,1,2,2
11,3,9,3
12,2,11,1
4,1,4,1
8,4,5,1
13,6,8,4
9,1,9,2
7,6,2,4
11,10,2,3
9,3,7,4
4,3,2,3
7,1,7,1
2,1,2,1
10,8,3,1
11,1,11,4
4,2,3,3
5,2,4,3
10,3,8,2
7,2,6,3
6,6,1,1
5,1,5,4
7,6,2,2
7,7,1,1
6,3,4,4
13,10,4,2
1,1,1,3
4,3,2,3
7,1,7,4
8,6,3,4
4,3,2,3
7,7,1,3
10,1,10,4
13,7,7,2
3,3,1,1
3,1,3,3
6,4,3,1
5,5,1,2
9,8,2,3
8,7,2,2
6,5,2,4
7,3,5,4
1,1,1,4
2,1,2,3
10,7,4,2
6,5,2,3
6,6,1,3
9,5,5,2
10,7,4,3
12,7,6,1
5,1,5,1
8,1,8,1
2,1,2,4
302
64,14,51,2
30,20,11,25
76,12,65,38
24,19,6,1
60,18,43,39
77,57,21,39
28,12,17,14
13,3,11,20
40,21,20,16
15,7,9,4
37,26,12,18
71,56,16,17
16,6,11,36
98,47,52,37
42,42,1,34
47,46,2,1
8,7,2,2
95,33,63,23
92,20,73,23
80,7,74,9
46,9,38,1
50,12,39,36
71,26,46,36
20,6,15,37
33,15,19,18
2,1,2,32
88,5,84,33
23,23,1,33
45,31,15,15
25,7,19,30
100,71,30,1
89,27,63,25
62,12,51,20
36,10,27,26
11,5,7,30
60,16,45,12
79,30,50,18
9,3,7,18
38,9,30,9
39,1,39,28
16,5,12,13
49,20,30,24
9,9,1,22
28,18,11,7
26,9,18,38
74,51,24,19
32,17,16,8
8,4,5,19
4,3,2,28
65,31,35,32
73,44,30,18
9,5,5,4
69,45,25,20
34,2,33,22
63,28,36,36
4,1,4,29
83,20,64,22
51,5,47,4
35,13,23,15
47,27,21,19
16,7,10,3
95,37,59,22
21,8,14,13
7,1,7,24
30,30,1,40
54,45,10,29
100,26,75,6
59,45,15,3
17,5,13,35
45,23,23,33
20,1,20,11
3,3,1,31
43,27,17,6
36,24,13,6
18,9,10,14
48,28,21,17
89,78,12,34
22,22,1,8
22,12,11,16
79,8,72,6
41,24,18,16
7,6,2,19
12,6,7,2
70,35,36,16
1,1,1,24
25,15,11,3
57,6,52,11
98,67,32,33
15,14,2,23
8,7,2,5
51,38,14,3
77,3,75,10
91,30,62,24
13,12,2,20
54,9,46,1
74,72,3,18
61,47,15,20
40,5,36,2
58,40,19,29
86,26,61,32
65,54,12,23
94,14,81,30
2,2,1,18
4,1,4,2
99,24,76,7
26,6,21,16
16,7,10,15
66,63,4,21
12,3,10,40
86,44,43,28
70,56,15,3
41,29,13,24
60,12,49,5
89,41,49,14
27,27,1,31
74,6,69,10
26,13,14,35
30,24,7,31
22,5,18,1
51,33,19,6
21,3,19,17
1,1,1,3
24,11,14,37
37,29,9,6
24,20,5,24
6,1,6,39
32,15,18,14
18,17,2,14
5,5,1,1
40,14,27,11
54,36,19,38
87,39,49,36
83,65,19,26
43,42,2,24
83,23,61,39
86,8,79,9
19,4,16,28
30,5,26,38
85,66,20,21
60,46,15,20
70,9,62,20
7,6,2,38
99,90,10,6
95,87,9,28
20,16,5,2
64,7,58,4
14,4,11,8
16,1,16,25
56,50,7,2
16,14,3,26
21,10,12,15
50,5,46,7
37,33,5,31
46,36,11,4
56,9,48,36
58,20,39,20
95,45,51,20
88,38,51,36
64,60,5,18
3,1,3,11
60,51,10,27
58,44,15,27
90,86,5,5
75,8,68,6
38,38,1,1
28,4,25,38
22,4,19,10
51,22,30,31
69,1,69,39
83,40,44,37
53,28,26,29
81,44,38,1
86,59,28,37
80,54,27,34
11,2,10,9
95,56,40,37
50,45,6,4
27,20,8,5
75,26,50,7
50,18,33,12
85,50,36,4
60,27,34,37
74,2,73,24
74,19,56,21
6,2,5,35
1,1,1,4
43,4,40,4
15,6,10,10
45,44,2,6
21,18,4,21
18,12,7,13
6,1,6,23
4,1,4,29
18,8,11,19
78,51,28,2
53,11,43,29
9,1,9,22
47,6,42,32
37,15,23,40
58,19,40,36
73,15,59,10
44,4,41,18
44,19,26,13
88,52,37,1
48,33,16,40
51,33,19,5
81,28,54,9
37,24,14,21
29,4,26,35
39,13,27,5
15,12,4,13
29,25,5,6
66,10,57,38
25,22,4,40
66,9,58,17
47,42,6,38
58,49,10,14
43,7,37,24
59,59,1,18
37,10,28,28
52,33,20,26
77,67,11,3
20,13,8,15
71,45,27,39
81,60,22,40
31,26,6,13
74,15,60,18
45,38,8,20
74,51,24,19
45,14,32,26
100,19,82,24
45,23,23,1
8,8,1,35
16,15,2,7
34,27,8,29
62,15,48,4
15,13,3,30
98,6,93,15
10,1,10,20
99,75,25,11
63,17,47,6
86,64,23,20
100,64,37,14
90,74,17,33
1,1,1,33
68,43,26,11
36,24,13,30
54,49,6,31
49,29,21,22
17,1,17,1
48,10,39,22
20,15,6,9
79,35,45,39
78,9,70,25
18,16,3,9
89,11,79,9
96,56,41,33
8,8,1,34
66,31,36,34
42,24,19,13
57,28,30,12
63,60,4,26
12,3,10,27
12,7,6,28
66,29,38,33
4,3,2,22
49,8,42,6
82,34,49,36
55,46,10,22
24,11,14,21
97,29,69,5
4,2,3,24
69,44,26,12
33,5,29,15
1,1,1,38
18,12,7,24
74,14,61,23
49,41,9,11
21,3,19,13
12,11,2,24
14,10,5,16
30,9,22,12
10,6,5,4
67,44,24,31
18,1,18,14
77,53,25,29
17,13,5,27
57,54,4,12
55,38,18,26
30,15,16,9
23,9,15,38
19,17,3,12
68,21,48,33
32,18,15,9
18,16,3,8
16,13,4,24
86,85,2,35
30,15,16,38
81,49,33,11
89,88,2,1
66,2,65,32
16,16,1,23
403
72,24,49,4
20,12,9,4
15,2,14,21
33,33,1,22
9,8,2,11
38,1,38,25
4,2,3,11
70,43,28,28
13,1,13,7
41,34,8,24
56,17,40,1
59,43,17,25
35,6,30,5
31,24,8,14
47,16,32,20
22,17,6,12
4,1,4,4
46,35,12,12
68,51,18,15
22,17,6,11
72,36,37,25
16,8,9,4
63,43,21,18
23,5,19,27
20,20,1,23
40,23,18,5
49,48,2,17
58,51,8,17
35,1,35,17
48,40,9,19
40,26,15,9
53,31,23,15
14,4,11,11
17,2,16,14
46,13,34,4
66,20,47,12
3,1,3,12
18,2,17,14
42,23,20,11
7,5,3,13
8,1,8,16
66,41,26,7
59,33,27,18
66,59,8,10
17,6,12,21
63,27,37,16
44,41,4,27
49,11,39,16
69,57,13,9
42,41,2,18
11,4,8,27
27,22,6,17
23,13,11,12
44,4,41,3
41,37,5,21
36,18,19,8
38,14,25,25
27,11,17,19
24,21,4,21
9,1,9,27
35,27,9,16
4,3,2,10
16,10,7,13
67,17,51,2
43,1,43,3
32,10,23,12
59,8,52,19
45,41,5,16
66,21,46,18
41,33,9,1
21,16,6,7
46,43,4,9
49,12,38,3
11,10,2,21
72,51,22,24
19,10,10,20
68,36,33,10
56,51,6,24
9,4,6,16
58,5,54,4
65,9,57,19
47,12,36,17
70,56,15,16
61,11,51,17
51,23,29,21
60,49,12,19
41,18,24,17
69,64,6,16
54,14,41,2
57,3,55,15
38,15,24,20
26,13,14,7
19,2,18,3
2,2,1,28
8,8,1,22
65,36,30,21
34,32,3,4
26,19,8,15
5,3,3,7
26,18,9,2
23,4,20,16
48,36,13,2
72,69,4,14
61,9,53,15
7,7,1,16
55,6,50,1
51,34,18,14
41,28,14,18
19,16,4,14
55,16,40,1
11,9,3,2
59,34,26,6
5,2,4,3
53,7,47,1
5,4,2,18
31,19,13,9
35,16,20,20
57,12,46,27
59,47,13,8
37,31,7,24
45,14,32,23
29,16,14,25
66,44,23,2
69,15,55,20
43,13,31,21
41,41,1,27
24,2,23,10
55,36,20,14
24,3,22,5
1,1,1,15
21,19,3,13
52,13,40,6
48,6,43,24
2,1,2,23
18,18,1,18
28,19,10,1
51,19,33,19
1,1,1,26
71,13,59,24
15,9,7,4
24,9,16,19
23,21,3,24
65,39,27,4
39,5,35,12
70,12,59,16
42,11,32,1
42,19,24,12
32,23,10,3
56,35,22,7
27,25,3,1
52,3,50,4
19,2,18,11
35,33,3,13
47,31,17,7
73,52,22,10
50,44,7,5
23,9,15,9
1,1,1,13
5,5,1,10
27,7,21,28
61,44,18,18
30,2,29,27
53,49,5,25
46,36,11,17
8,3,6,24
50,13,38,28
10,2,9,26
50,10,41,2
2,1,2,22
8,2,7,9
44,32,13,2
30,21,10,27
8,1,8,1
64,29,36,13
37,24,14,14
62,22,41,2
60,16,45,6
71,44,28,8
71,9,63,25
7,4,4,28
19,1,19,4
12,10,3,26
6,3,4,9
67,56,12,16
19,4,16,23
69,8,62,16
39,9,31,13
26,19,8,9
22,19,4,17
5,4,2,12
48,20,29,4
13,10,4,12
63,33,31,16
62,45,18,18
59,29,31,20
6,6,1,26
39,16,24,18
18,7,12,26
3,2,2,19
43,42,2,1
11,8,4,15
53,3,51,25
61,11,51,22
60,44,17,13
7,4,4,9
60,9,52,13
3,1,3,1
68,52,17,18
13,3,11,10
38,36,3,13
14,6,9,14
59,39,21,16
34,22,13,7
37,18,20,28
36,33,4,14
51,27,25,21
12,9,4,9
13,5,9,14
3,3,1,13
73,47,27,11
7,1,7,15
67,64,4,3
29,3,27,19
42,13,30,17
37,9,29,22
7,7,1,19
27,11,17,23
17,1,17,28
43,38,6,22
43,15,29,24
20,8,13,21
24,7,18,17
14,2,13,15
44,16,29,6
22,8,15,20
1,1,1,10
7,2,6,7
57,36,22,10
60,38,23,11
59,41,19,7
1,1,1,27
55,23,33,26
2,2,1,11
26,9,18,14
51,5,47,13
69,32,38,14
8,4,5,11
42,39,4,17
9,7,3,3
15,4,12,28
18,16,3,15
66,32,35,22
69,9,61,19
20,15,6,13
52,46,7,27
56,41,16,24
21,21,1,18
27,3,25,9
59,28,32,3
24,8,17,11
20,6,15,19
28,15,14,10
50,13,38,27
53,47,7,21
32,31,2,17
23,1,23,16
18,10,9,7
24,6,19,20
57,56,2,8
58,51,8,8
3,3,1,13
61,55,7,8
21,19,3,27
23,17,7,4
6,2,5,22
65,6,60,24
19,6,14,14
19,1,19,22
37,12,26,18
19,14,6,25
62,46,17,3
63,34,30,10
2,1,2,6
28,22,7,21
32,28,5,22
47,3,45,12
70,60,11,14
5,3,3,14
3,2,2,28
42,33,10,5
7,5,3,9
36,20,17,20
62,37,26,20
20,5,16,14
42,40,3,17
25,12,14,11
21,15,7,11
12,4,9,12
55,6,50,27
23,19,5,5
59,44,16,15
35,11,25,16
8,1,8,22
48,46,3,18
69,21,49,15
8,2,7,1
31,22,10,17
26,24,3,17
32,23,10,17
50,32,19,16
12,7,6,27
41,3,39,23
20,11,10,2
4,3,2,3
52,48,5,22
31,1,31,13
34,22,13,25
13,5,9,12
57,19,39,9
17,14,4,7
14,6,9,14
63,27,37,9
54,54,1,6
6,5,2,11
16,6,11,9
27,14,14,11
1,1,1,19
59,19,41,8
37,12,26,7
48,21,28,4
12,1,12,28
55,23,33,4
17,15,3,8
72,1,72,21
49,16,34,23
58,58,1,18
33,17,17,13
5,2,4,17
21,10,12,2
66,47,20,25
1,1,1,2
71,26,46,9
12,6,7,1
50,40,11,17
55,8,48,26
46,29,18,27
32,10,23,6
32,32,1,6
41,31,11,2
71,62,10,28
21,18,4,8
38,7,32,16
39,33,7,18
42,1,42,20
45,8,38,23
24,17,8,22
50,45,6,14
47,36,12,2
28,9,20,28
9,3,7,12
34,5,30,1
30,20,11,9
29,28,2,18
72,7,66,8
14,6,9,24
50,32,19,27
26,21,6,21
26,24,3,17
45,32,14,25
40,24,17,3
24,11,14,1
72,61,12,24
70,43,28,21
34,21,14,18
57,23,35,27
12,12,1,7
70,14,57,23
35,26,10,17
17,5,13,1
25,13,13,8
46,10,37,6
12,2,11,11
39,23,17,25
30,16,15,17
68,38,31,7
10,3,8,22
36,7,30,16
18,6,13,26
43,25,19,24
21,8,14,7
43,31,13,14
73,38,36,7
41,8,34,22
61,60,2,24
55,36,20,24
29,9,21,8
69,48,22,12
29,10,20,3
6,3,4,10
50,48,3,25
34,11,24,15
71,45,27,18
73,7,67,9
500
82,81,2,11
94,82,13,24
88,81,8,2
85,73,13,20
1,1,1,1
62,51,12,29
66,37,30,26
76,29,48,15
63,45,19,16
16,16,1,25
7,5,3,23
37,31,7,26
51,27,25,22
36,12,25,13
81,23,59,29
11,10,2,4
14,13,2,10
40,20,21,28
82,38,45,9
79,59,21,13
17,3,15,8
65,17,49,1
72,34,39,3
93,91,3,8
15,3,13,19
69,45,25,25
46,23,24,25
64,9,56,1
53,35,19,17
69,63,7,22
93,77,17,12
72,59,14,21
63,49,15,15
70,3,68,6
39,39,1,2
5,3,3,8
28,19,10,9
67,36,32,6
81,70,12,4
45,36,10,18
71,68,4,27
58,45,14,28
52,37,16,29
40,6,35,24
48,7,42,21
61,58,4,16
13,2,12,17
74,63,12,17
14,12,3,10
32,11,22,15
71,69,3,14
69,47,23,25
49,32,18,14
13,1,13,13
19,11,9,28
5,2,4,6
33,7,27,15
6,4,3,27
56,6,51,4
81,36,46,28
17,2,16,16
82,76,7,11
32,21,12,11
66,34,33,12
19,15,5,15
67,42,26,14
5,3,3,1
63,51,13,14
43,35,9,4
74,43,32,22
45,19,27,20
13,11,3,28
38,16,23,26
61,60,2,22
5,2,4,25
62,31,32,23
26,3,24,14
92,14,79,2
12,11,2,9
18,13,6,14
88,47,42,13
58,32,27,27
29,28,2,22
51,48,4,26
41,21,21,17
45,32,14,21
49,4,46,2
35,22,14,7
91,31,61,20
27,4,24,12
63,63,1,4
91,50,42,18
20,19,2,9
84,63,22,2
7,2,6,1
65,64,2,29
12,6,7,21
2,2,1,6
22,13,10,7
80,29,52,9
14,2,13,9
2,2,1,16
96,27,70,9
4,1,4,8
70,60,11,28
91,2,90,27
94,9,86,26
93,61,33,11
46,36,11,12
58,47,12,23
73,69,5,27
70,34,37,16
43,2,42,27
10,6,5,20
4,1,4,2
71,32,40,16
4,3,2,25
57,44,14,3
92,41,52,2
86,81,6,2
32,24,9,6
84,3,82,23
79,48,32,26
29,28,2,13
84,16,69,7
78,61,18,5
70,66,5,24
81,56,26,23
22,18,5,27
36,13,24,13
35,33,3,27
63,27,37,6
86,56,31,22
55,30,26,15
75,54,22,11
63,16,48,16
65,59,7,11
49,26,24,3
63,38,26,17
93,77,17,12
58,28,31,21
20,20,1,2
12,7,6,12
45,43,3,26
19,6,14,22
72,34,39,25
61,1,61,10
64,8,57,13
89,70,20,25
80,57,24,28
25,11,15,16
84,24,61,22
19,11,9,13
38,38,1,19
85,2,84,13
88,75,14,6
5,3,3,25
37,21,17,9
45,32,14,9
61,52,10,13
47,27,21,14
43,19,25,17
43,43,1,9
87,1,87,11
72,4,69,14
33,25,9,20
29,3,27,3
49,13,37,16
84,71,14,15
71,8,64,24
93,35,59,15
75,38,38,28
87,68,20,4
66,18,49,24
74,56,19,16
53,28,26,5
20,17,4,17
57,4,54,10
60,13,48,29
13,6,8,23
86,44,43,3
16,7,10,13
31,1,31,11
72,11,62,24
19,16,4,6
94,1,94,28
21,15,7,11
43,29,15,7
51,13,39,18
29,21,9,1
92,91,2,16
17,5,13,17
16,9,8,28
58,21,38,7
42,7,36,14
78,57,22,19
86,83,4,4
69,34,36,9
45,45,1,24
24,18,7,9
30,17,14,11
40,2,39,12
27,15,13,18
4,2,3,18
96,21,76,18
81,68,14,1
19,10,10,8
93,34,60,22
75,61,15,15
95,68,28,11
80,37,44,24
4,2,3,21
66,38,29,4
24,16,9,13
22,15,8,15
26,8,19,16
6,6,1,27
8,8,1,21
36,31,6,23
42,34,9,29
63,48,16,8
84,84,1,20
63,24,40,18
23,3,21,23
18,11,8,20
69,46,24,15
58,48,11,15
39,8,32,14
87,70,18,12
33,15,19,28
31,3,29,13
33,9,25,24
51,25,27,4
93,74,20,16
10,1,10,5
44,26,19,21
56,47,10,8
36,1,36,28
52,29,24,2
34,24,11,1
61,5,57,26
95,43,53,17
61,27,35,3
39,15,25,8
77,55,23,8
78,15,64,16
62,62,1,9
62,28,35,29
86,12,75,19
92,86,7,10
91,33,59,28
25,2,24,27
57,24,34,9
40,28,13,18
66,59,8,2
74,59,16,2
9,6,4,5
7,5,3,20
62,31,32,17
92,69,24,12
49,29,21,13
53,34,20,9
18,8,11,7
93,1,93,18
58,57,2,28
41,23,19,10
52,44,9,20
72,35,38,12
24,15,10,13
47,3,45,7
13,3,11,2
95,1,95,11
39,5,35,28
75,3,73,20
84,30,55,10
47,7,41,21
52,50,3,10
61,17,45,27
33,27,7,18
44,38,7,23
61,17,45,23
30,26,5,20
37,26,12,29
30,5,26,13
1,1,1,5
95,8,88,10
23,21,3,23
65,52,14,23
94,56,39,29
92,36,57,27
15,7,9,16
74,64,11,13
20,12,9,2
29,9,21,17
54,15,40,16
87,8,80,2
74,65,10,25
54,42,13,14
88,35,54,15
6,1,6,9
52,45,8,26
28,14,15,7
84,50,35,8
57,46,12,29
35,3,33,19
15,3,13,20
30,5,26,22
75,37,39,29
93,41,53,9
81,14,68,12
69,44,26,28
34,21,14,3
26,26,1,4
96,23,74,25
57,19,39,27
39,24,16,15
7,5,3,9
45,31,15,5
30,14,17,18
6,6,1,13
3,1,3,23
32,9,24,1
45,26,20,15
66,46,21,18
46,10,37,23
48,42,7,24
82,78,5,26
55,37,19,24
61,6,56,7
43,30,14,29
61,53,9,22
75,23,53,2
3,1,3,29
43,40,4,21
3,3,1,29
86,76,11,22
16,14,3,28
45,32,14,28
65,45,21,9
93,32,62,16
94,1,94,13
7,2,6,14
22,17,6,10
14,10,5,16
13,8,6,8
88,57,32,25
91,27,65,13
68,31,38,21
10,1,10,20
23,9,15,8
53,25,29,11
90,55,36,14
69,43,27,29
64,44,21,16
20,10,11,25
28,12,17,16
58,6,53,9
8,3,6,23
14,2,13,18
85,31,55,10
11,10,2,28
24,7,18,25
89,88,2,14
47,47,1,9
67,26,42,21
78,31,48,10
65,33,33,25
44,27,18,15
44,36,9,10
24,9,16,8
14,14,1,12
15,8,8,11
84,11,74,4
3,2,2,15
94,59,36,4
95,51,45,23
81,79,3,22
4,4,1,19
32,22,11,18
57,17,41,28
53,27,27,17
8,6,3,20
38,38,1,28
1,1,1,8
29,10,20,24
60,1,60,5
53,21,33,9
75,18,58,8
27,13,15,5
13,3,11,5
36,35,2,21
85,80,6,24
70,65,6,3
4,3,2,4
45,29,17,12
37,6,32,28
56,11,46,2
4,4,1,13
41,6,36,5
47,27,21,3
30,27,4,21
76,72,5,11
4,2,3,29
21,9,13,6
20,15,6,25
85,4,82,10
8,7,2,29
2,1,2,3
22,12,11,14
20,17,4,5
10,5,6,1
69,40,30,25
67,19,49,29
2,1,2,8
15,13,3,19
60,31,30,13
65,63,3,6
95,34,62,27
47,3,45,7
65,17,49,2
54,25,30,2
40,26,15,21
47,45,3,27
7,5,3,10
73,40,34,23
85,4,82,20
44,39,6,28
11,11,1,20
28,6,23,15
48,26,23,21
43,42,2,20
65,34,32,2
54,47,8,6
88,59,30,1
34,19,16,5
62,51,12,25
28,14,15,1
86,48,39,14
55,27,29,11
63,31,33,24
65,36,30,5
47,36,12,18
19,5,15,26
61,31,31,2
66,59,8,22
32,14,19,22
26,21,6,2
69,4,66,20
12,5,8,18
86,55,32,6
34,21,14,2
18,2,17,10
68,19,50,28
25,14,12,11
27,2,26,10
43,12,32,12
1,1,1,10
65,39,27,23
45,2,44,17
78,50,29,27
32,2,31,19
89,49,41,18
71,29,43,9
87,21,67,28
51,18,34,26
17,9,9,9
89,4,86,25
13,12,2,17
31,15,17,21
86,61,26,19
76,27,50,3
47,5,43,7
61,15,47,22
18,11,8,6
40,15,26,2
66,23,44,21
30,6,25,25
87,82,6,4
54,43,12,7
90,76,15,28
28,27,2,28
62,3,60,16
40,36,5,29
43,2,42,9
26,8,19,27
28,15,14,12
26,4,23,11
52,7,46,21
68,33,36,3
45,40,6,8
74,6,69,21
75,7,69,16
12,2,11,28
46,25,22,29
12,9,4,1
69,59,11,18
22,5,18,16
86,6,81,3
51,13,39,29
50,10,41,16
68
42,41,2,23
86,1,86,9
16,1,16,6
42,20,23,6
1,1,1,6
95,59,37,20
31,15,17,21
76,32,45,6
59,50,10,15
42,17,26,7
14,14,1,19
31,25,7,9
64,14,51,10
82,2,81,19
7,2,6,3
68,11,58,8
61,11,51,10
50,2,49,16
25,10,16,25
64,35,30,3
50,3,48,6
52,24,29,22
44,19,26,4
58,39,20,1
82,37,46,25
85,73,13,20
84,20,65,4
61,44,18,23
88,40,49,21
23,9,15,17
79,1,79,23
44,19,26,24
87,44,44,2
61,47,15,11
43,27,17,10
52,1,52,20
18,15,4,19
40,18,23,9
34,15,20,20
93,75,19,15
49,34,16,4
57,55,3,11
86,43,44,18
88,23,66,16
62,32,31,14
82,50,33,5
36,12,25,11
18,8,11,22
22,10,13,20
8,8,1,6
67,3,65,18
30,11,20,14
33,3,31,20
83,30,54,19
33,33,1,4
46,2,45,5
28,10,19,6
20,8,13,4
33,23,11,25
77,41,37,2
99,72,28,17
39,4,36,19
25,13,13,12
74,9,66,24
48,25,24,4
58,42,17,19
80,34,47,22
84,26,59,4
365
7,7,1,10
8,5,4,4
78,72,7,5
61,41,21,12
81,63,19,12
10,5,6,11
57,34,24,12
55,22,34,8
46,8,39,11
56,3,54,12
49,21,29,6
88,55,34,12
59,48,12,12
26,13,14,8
30,22,9,7
11,5,7,12
60,13,48,7
13,8,6,10
38,36,3,7
3,2,2,6
69,58,12,5
6,5,2,1
20,18,3,8
55,28,28,10
15,8,8,9
59,49,11,8
35,34,2,2
57,30,28,4
25,14,12,8
11,3,9,9
12,4,9,2
50,41,10,11
4,3,2,2
88,3,86,2
47,2,46,2
82,24,59,10
17,6,12,9
14,10,5,9
12,2,11,2
39,32,8,6
36,2,35,11
70,16,55,7
35,24,12,7
17,15,3,8
6,5,2,4
53,3,51,11
69,56,14,1
83,81,3,6
39,29,11,5
35,26,10,5
10,8,3,2
26,3,24,1
72,12,61,6
43,14,30,9
55,14,42,1
36,31,6,2
58,24,35,10
65,50,16,4
80,30,51,7
19,16,4,9
21,20,2,6
1,1,1,6
4,4,1,9
57,50,8,3
29,17,13,2
59,36,24,2
69,11,59,6
57,52,6,1
2,2,1,2
72,23,50,11
75,43,33,6
7,2,6,3
67,44,24,4
58,17,42,8
58,48,11,5
44,5,40,2
53,42,12,2
4,1,4,9
31,30,2,12
50,13,38,9
23,2,22,4
37,19,19,4
33,17,17,5
41,41,1,1
21,3,19,10
11,11,1,3
87,15,73,9
73,21,53,6
45,26,20,9
5,1,5,4
46,35,12,6
63,42,22,8
66,42,25,1
34,29,6,11
1,1,1,1
11,6,6,7
38,8,31,1
20,8,13,1
5,1,5,10
3,3,1,3
47,9,39,10
78,34,45,12
32,16,17,11
22,2,21,8
66,7,60,8
7,3,5,2
86,69,18,9
33,11,23,7
75,56,20,8
32,26,7,5
22,13,10,12
20,19,2,1
61,1,61,6
7,6,2,10
72,63,10,5
80,80,1,6
12,5,8,11
68,45,24,3
52,50,3,11
5,3,3,5
37,16,22,7
75,11,65,9
8,2,7,8
35,23,13,9
36,21,16,7
81,50,32,1
86,73,14,12
85,24,62,2
61,60,2,12
28,13,16,9
84,62,23,12
5,3,3,10
65,43,23,8
76,67,10,8
43,32,12,5
87,20,68,1
37,12,26,9
28,20,9,4
84,22,63,2
9,5,5,3
75,50,26,1
49,18,32,9
89,77,13,8
70,54,17,7
42,7,36,11
27,3,25,7
58,40,19,3
20,4,17,8
33,4,30,5
1,1,1,9
76,53,24,3
20,5,16,8
24,3,22,4
27,2,26,2
89,87,3,1
45,23,23,7
45,25,21,9
25,20,6,1
9,3,7,4
81,70,12,6
61,26,36,1
20,10,11,10
4,2,3,2
6,6,1,7
31,17,15,8
82,60,23,4
55,37,19,3
25,8,18,1
69,38,32,7
15,5,11,7
61,21,41,1
28,8,21,7
58,26,33,6
28,9,20,3
39,15,25,6
32,26,7,12
70,14,57,9
19,4,16,3
46,38,9,4
11,8,4,10
20,4,17,10
83,83,1,2
37,4,34,9
5,2,4,10
8,3,6,10
16,14,3,3
34,29,6,6
80,66,15,4
79,8,72,10
21,10,12,7
65,50,16,6
32,4,29,1
69,23,47,12
20,16,5,1
46,46,1,3
84,62,23,3
57,37,21,5
40,18,23,2
30,6,25,10
1,1,1,3
85,35,51,11
45,42,4,9
15,9,7,12
4,4,1,1
17,10,8,11
69,63,7,8
30,26,5,7
11,7,5,5
42,21,22,10
21,7,15,6
13,8,6,12
2,2,1,12
72,49,24,3
57,26,32,5
80,50,31,3
72,64,9,3
36,2,35,8
9,8,2,9
83,54,30,6
88,17,72,7
69,48,22,2
85,25,61,2
67,54,14,7
32,23,10,2
54,17,38,2
21,7,15,9
84,6,79,2
11,6,6,7
54,48,7,7
44,43,2,8
49,20,30,5
41,18,24,10
30,20,11,6
19,9,11,12
71,68,4,9
59,20,40,3
58,48,11,7
17,13,5,9
15,12,4,10
74,58,17,1
68,24,45,10
28,6,23,6
17,5,13,3
30,11,20,9
70,46,25,5
57,43,15,9
81,37,45,5
15,12,4,8
50,34,17,3
1,1,1,12
20,12,9,6
77,31,47,1
5,1,5,8
68,32,37,1
25,19,7,6
58,18,41,4
46,33,14,5
1,1,1,2
48,16,33,6
53,29,25,9
39,28,12,11
3,3,1,5
16,9,8,11
77,63,15,2
59,46,14,7
64,5,60,8
3,3,1,7
58,11,48,1
31,3,29,11
64,51,14,3
34,28,7,3
34,19,16,3
52,43,10,9
83,50,34,1
38,5,34,12
24,4,21,6
39,21,19,6
11,4,8,1
12,9,4,7
60,27,34,4
43,30,14,10
7,7,1,8
61,50,12,6
8,7,2,5
62,27,36,3
43,37,7,10
7,3,5,6
30,30,1,5
23,4,20,9
38,37,2,8
41,36,6,5
42,40,3,9
82,34,49,1
66,63,4,7
47,25,23,3
80,12,69,5
4,4,1,10
65,1,65,7
75,63,13,8
85,68,18,2
4,1,4,11
64,27,38,9
58,34,25,12
20,11,10,11
41,7,35,2
8,6,3,3
21,7,15,6
13,2,12,8
4,4,1,6
38,34,5,12
80,61,20,5
61,38,24,9
57,17,41,4
86,62,25,6
4,2,3,11
27,19,9,4
15,10,6,10
25,10,16,1
71,7,65,1
20,11,10,2
39,16,24,2
81,19,63,10
63,25,39,3
87,70,18,6
15,13,3,7
56,40,17,7
4,3,2,4
17,11,7,8
50,13,38,11
16,9,8,5
67,37,31,4
53,34,20,10
48,16,33,12
5,5,1,3
88,28,61,9
21,12,10,6
31,22,10,2
12,7,6,9
54,7,48,2
46,30,17,3
64,57,8,7
25,1,25,2
53,8,46,7
30,24,7,2
78,69,10,12
63,7,57,3
84,62,23,4
49,15,35,8
5,2,4,6
3,3,1,7
71,10,62,1
62,56,7,12
37,16,22,7
2,2,1,5
87,36,52,3
5,5,1,11
47,15,33,8
28,12,17,8
8,8,1,1
53,45,9,3
41,36,6,5
86,27,60,8
22,15,8,4
8,8,1,4
51,30,22,1
365
28,19,10,2
11,9,3,6
21,10,12,8
65,30,36,3
27,18,10,8
3,1,3,2
10,5,6,17
1,1,1,5
41,38,4,13
7,2,6,9
12,8,5,9
8,8,1,16
41,37,5,18
21,4,18,13
4,2,3,12
23,15,9,14
27,25,3,5
14,13,2,13
51,28,24,2
38,29,10,8
55,54,2,5
1,1,1,2
52,45,8,8
60,42,19,18
52,18,35,18
42,5,38,14
27,15,13,17
32,30,3,11
64,34,31,13
58,7,52,6
34,26,9,5
18,6,13,15
65,30,36,9
2,1,2,8
46,18,29,17
44,40,5,4
36,33,4,14
7,2,6,14
46,3,44,14
22,11,12,9
34,9,26,15
39,32,8,3
1,1,1,2
20,5,16,14
32,16,17,12
46,46,1,7
5,1,5,16
12,7,6,8
27,9,19,17
53,49,5,8
53,50,4,13
18,14,5,3
4,1,4,6
40,35,6,15
18,8,11,3
35,28,8,12
57,39,19,7
28,25,4,2
59,27,33,10
53,13,41,8
7,3,5,10
48,42,7,13
46,23,24,16
42,10,33,5
43,1,43,12
12,2,11,8
1,1,1,8
13,13,1,8
13,4,10,8
54,17,38,14
1,1,1,11
65,40,26,15
15,5,11,13
50,42,9,5
22,17,6,2
37,22,16,3
53,22,32,13
34,31,4,7
22,18,5,2
57,18,40,17
41,32,10,3
26,12,15,7
42,28,15,15
25,7,19,7
46,46,1,14
7,3,5,15
14,9,6,2
34,5,30,1
23,19,5,14
63,3,61,6
60,45,16,13
34,1,34,18
60,14,47,15
40,22,19,5
39,24,16,6
16,8,9,6
18,11,8,7
13,7,7,7
30,7,24,18
42,5,38,15
52,18,35,17
63,2,62,6
23,13,11,15
11,4,8,11
45,25,21,12
27,14,14,1
23,5,19,5
12,10,3,17
60,57,4,12
46,33,14,18
34,13,22,7
16,10,7,5
29,12,18,12
64,27,38,2
23,13,11,12
38,6,33,7
2,1,2,9
51,25,27,9
35,15,21,9
5,1,5,2
49,41,9,8
58,15,44,1
30,6,25,10
33,18,16,1
26,7,20,5
20,3,18,17
23,23,1,14
60,52,9,17
64,9,56,15
36,1,36,9
21,6,16,2
18,8,11,5
44,1,44,2
49,27,23,18
47,30,18,2
16,6,11,18
45,24,22,10
9,4,6,10
40,20,21,4
51,42,10,17
4,1,4,3
2,2,1,8
14,5,10,16
41,36,6,10
57,18,40,1
65,35,31,2
11,7,5,15
61,28,34,9
23,5,19,12
9,7,3,5
40,25,16,11
19,9,11,6
14,1,14,6
19,2,18,16
20,18,3,9
49,37,13,8
15,1,15,15
10,4,7,16
34,25,10,17
64,31,34,9
21,12,10,15
12,6,7,14
30,16,15,13
47,39,9,2
18,17,2,13
56,18,39,12
47,15,33,2
13,9,5,1
43,38,6,15
12,2,11,7
51,2,50,11
49,5,45,7
64,42,23,9
48,15,34,7
49,44,6,11
14,11,4,18
53,19,35,14
63,35,29,18
10,1,10,18
13,6,8,1
62,14,49,12
24,11,14,11
51,36,16,12
42,39,4,10
54,12,43,5
2,2,1,12
38,34,5,5
60,51,10,10
4,3,2,18
13,13,1,8
21,21,1,17
30,20,11,13
5,1,5,7
56,52,5,1
11,3,9,11
31,29,3,4
12,12,1,1
45,20,26,10
17,14,4,5
14,2,13,13
45,28,18,2
58,27,32,12
61,40,22,15
60,56,5,15
15,6,10,7
45,44,2,10
33,30,4,2
40,40,1,2
64,48,17,12
43,34,10,14
30,30,1,12
37,32,6,3
44,3,42,2
4,1,4,7
46,31,16,2
59,10,50,16
36,13,24,13
37,19,19,5
48,27,22,4
29,17,13,14
64,43,22,1
50,3,48,11
53,5,49,13
32,3,30,18
10,4,7,2
1,1,1,8
38,5,34,3
55,55,1,12
19,1,19,6
59,33,27,1
58,5,54,1
8,2,7,1
12,4,9,4
26,21,6,10
17,15,3,12
3,2,2,9
43,21,23,1
52,49,4,13
26,12,15,8
52,17,36,9
37,6,32,6
28,20,9,9
57,28,30,11
29,10,20,1
57,2,56,5
47,8,40,3
50,33,18,5
60,34,27,4
5,3,3,17
56,28,29,17
9,7,3,9
49,34,16,17
41,36,6,16
17,9,9,13
6,3,4,12
36,17,20,16
50,31,20,9
33,4,30,15
7,7,1,4
16,14,3,14
38,31,8,17
5,5,1,8
21,14,8,6
65,54,12,17
61,7,55,3
31,15,17,6
7,2,6,7
57,13,45,12
11,7,5,10
7,5,3,5
18,6,13,1
1,1,1,17
5,1,5,9
52,10,43,9
16,14,3,7
47,45,3,9
44,44,1,7
1,1,1,6
56,12,45,3
47,31,17,2
16,5,12,16
28,16,13,6
13,5,9,10
43,42,2,16
32,32,1,8
15,13,3,6
35,7,29,2
17,15,3,13
56,47,10,14
45,11,35,10
26,19,8,12
38,10,29,9
47,12,36,10
43,14,30,8
40,39,2,11
61,16,46,2
37,16,22,2
32,24,9,2
18,13,6,10
38,36,3,2
27,5,23,14
38,10,29,10
19,9,11,6
18,8,11,13
9,6,4,6
30,6,25,17
3,3,1,7
22,10,13,16
9,2,8,18
42,12,31,1
53,31,23,6
5,5,1,12
55,33,23,4
48,33,16,1
5,3,3,6
33,25,9,9
26,23,4,1
34,4,31,12
12,1,12,12
40,14,27,1
45,34,12,6
58,24,35,18
40,14,27,9
35,16,20,15
38,23,16,1
65,45,21,13
28,21,8,16
56,48,9,7
60,57,4,2
40,1,40,14
52,45,8,14
32,2,31,15
30,20,11,18
18,1,18,15
39,33,7,13
21,16,6,11
20,15,6,6
34,24,11,10
11,4,8,7
50,24,27,1
18,15,4,2
14,11,4,1
34,16,19,16
46,34,13,15
46,32,15,15
11,3,9,10
27,17,11,3
54,4,51,7
32,5,28,1
64,59,6,17
11,7,5,11
2,1,2,5
34,8,27,4
18,4,15,12
59,37,23,7
46,44,3,6
30,19,12,13
47,21,27,7
4,1,4,1
44,18,27,8
40,14,27,4
4,2,3,14
17,7,11,7
56,16,41,16
21,7,15,9
303
49,26,24,5
19,7,13,13
60,3,58,15
51,3,49,7
45,41,5,9
24,9,16,3
78,75,4,12
73,43,31,2
21,17,5,3
44,27,18,6
59,14,46,5
10,9,2,14
41,20,22,8
81,55,27,2
15,12,4,14
65,37,29,16
77,7,71,1
4,4,1,7
70,57,14,2
67,66,2,5
38,21,18,14
31,6,26,16
35,28,8,1
43,28,16,1
59,3,57,15
63,52,12,11
43,29,15,9
32,7,26,13
12,11,2,14
16,16,1,7
50,24,27,11
51,47,5,4
66,60,7,16
41,13,29,15
81,57,25,2
61,12,50,11
43,27,17,8
57,46,12,14
5,3,3,15
69,25,45,6
14,9,6,3
25,9,17,12
32,29,4,6
57,17,41,4
71,5,67,7
36,13,24,9
42,21,22,10
42,16,27,13
39,34,6,9
40,25,16,7
64,4,61,11
10,3,8,12
73,21,53,15
64,21,44,5
33,10,24,7
17,16,2,4
24,12,13,11
63,30,34,12
78,49,30,6
75,71,5,4
82,36,47,9
68,31,38,4
18,2,17,8
4,3,2,9
6,5,2,4
73,61,13,4
19,2,18,2
41,21,21,15
18,1,18,15
15,13,3,13
2,1,2,8
83,12,72,9
64,55,10,9
46,2,45,10
46,18,29,12
76,14,63,9
40,13,28,14
46,22,25,3
1,1,1,11
6,1,6,3
53,37,17,6
22,1,22,10
2,2,1,3
76,50,27,7
5,1,5,16
64,57,8,14
30,5,26,11
30,5,26,15
14,8,7,11
37,23,15,6
70,38,33,1
12,10,3,11
45,2,44,6
53,5,49,15
67,33,35,5
67,17,51,7
69,13,57,14
60,8,53,12
18,4,15,8
43,10,34,4
79,58,22,9
50,29,22,14
57,10,48,5
27,20,8,15
17,12,6,14
65,14,52,1
18,12,7,5
49,25,25,7
58,14,45,7
27,19,9,11
68,43,26,6
82,81,2,15
17,4,14,2
66,29,38,8
26,6,21,7
73,9,65,5
33,27,7,4
52,31,22,5
56,46,11,7
31,15,17,9
59,19,41,3
71,67,5,16
14,12,3,16
18,14,5,5
3,2,2,4
14,2,13,2
56,8,49,12
10,9,2,1
52,46,7,16
18,6,13,8
30,14,17,6
37,30,8,11
72,22,51,13
80,73,8,5
71,27,45,4
5,1,5,12
38,31,8,7
27,16,12,4
4,1,4,16
70,64,7,9
62,51,12,4
20,3,18,4
84,49,36,15
24,20,5,1
73,50,24,12
1,1,1,10
80,42,39,15
14,5,10,5
13,11,3,10
38,8,31,3
31,11,21,2
23,3,21,15
49,30,20,1
66,42,25,10
61,34,28,15
66,31,36,4
57,43,15,10
22,7,16,1
47,17,31,5
51,27,25,8
29,29,1,8
19,8,12,8
16,11,6,1
23,15,9,6
35,18,18,8
6,6,1,7
48,7,42,8
27,21,7,9
30,27,4,1
58,58,1,9
7,2,6,13
69,19,51,12
51,27,25,15
76,65,12,2
19,7,13,10
51,8,44,8
68,41,28,12
39,38,2,8
24,19,6,3
48,46,3,5
5,3,3,12
75,55,21,16
74,26,49,6
47,13,35,7
33,17,17,12
34,16,19,3
55,41,15,1
76,56,21,8
40,26,15,6
16,10,7,16
6,2,5,13
11,2,10,15
8,5,4,1
11,11,1,7
54,50,5,16
56,28,29,11
2,2,1,15
61,3,59,10
84,76,9,1
16,2,15,5
81,59,23,6
1,1,1,15
5,4,2,1
43,43,1,2
38,38,1,1
43,2,42,5
54,28,27,15
20,5,16,6
70,8,63,14
23,12,12,10
13,4,10,10
46,28,19,7
65,46,20,7
62,14,49,2
28,8,21,4
44,23,22,5
21,4,18,8
36,34,3,4
62,61,2,10
21,11,11,13
20,6,15,1
32,29,4,12
19,16,4,2
10,1,10,4
37,26,12,2
75,45,31,6
23,23,1,11
68,38,31,7
41,26,16,7
64,34,31,7
25,2,24,4
81,77,5,2
65,63,3,15
26,20,7,9
68,40,29,16
52,37,16,6
79,33,47,5
18,9,10,13
12,4,9,4
29,23,7,4
69,27,43,4
48,47,2,6
43,28,16,8
61,9,53,13
29,29,1,16
72,56,17,10
17,9,9,6
8,3,6,5
66,60,7,9
21,12,10,8
60,47,14,8
10,6,5,12
56,36,21,2
56,50,7,7
69,47,23,4
39,21,19,1
17,1,17,14
72,65,8,13
58,39,20,16
1,1,1,8
11,3,9,2
26,13,14,3
36,15,22,12
31,31,1,12
17,10,8,15
74,12,63,10
57,47,11,13
41,5,37,10
19,8,12,12
76,67,10,12
38,26,13,13
51,24,28,14
62,57,6,1
26,7,20,12
29,11,19,3
75,24,52,9
77,41,37,14
2,1,2,11
41,26,16,9
42,6,37,4
40,3,38,8
19,9,11,10
4,1,4,13
13,12,2,2
80,79,2,15
51,23,29,14
9,4,6,16
50,44,7,10
13,2,12,5
78,22,57,3
9,9,1,6
62,35,28,8
31,16,16,13
4,3,2,1
16,3,14,2
82,38,45,16
29,21,9,5
53,14,40,2
80,64,17,9
63,60,4,4
16,7,10,14
14,14,1,10
6,2,5,12
269
4,4,1,5
13,2,12,12
38,18,21,5
37,13,25,14
23,10,14,6
16,4,13,10
16,1,16,13
31,2,30,5
12,5,8,9
3,2,2,6
41,39,3,12
4,2,3,11
42,35,8,10
38,27,12,14
24,8,17,11
14,5,10,14
12,11,2,14
44,6,39,2
36,34,3,3
17,13,5,11
18,5,14,12
13,4,10,2
5,2,4,9
13,2,12,9
23,3,21,9
22,20,3,12
3,2,2,11
5,5,1,1
27,9,19,2
29,25,5,2
31,11,21,5
34,7,28,14
38,35,4,12
4,3,2,14
37,33,5,2
39,3,37,13
38,28,11,12
21,19,3,3
46,9,38,11
8,8,1,12
14,10,5,2
26,26,1,3
14,7,8,13
31,17,15,4
2,1,2,8
2,2,1,11
26,13,14,8
33,14,20,5
45,36,10,9
40,3,38,14
13,1,13,10
3,3,1,8
1,1,1,2
33,7,27,8
37,37,1,2
37,12,26,11
33,3,31,1
4,3,2,8
4,3,2,14
43,21,23,9
45,26,20,13
37,18,20,7
10,9,2,13
32,31,2,7
8,5,4,7
17,14,4,14
30,18,13,1
5,4,2,11
13,13,1,9
24,23,2,11
11,10,2,7
4,1,4,4
37,3,35,1
38,6,33,5
18,1,18,5
28,22,7,4
34,28,7,10
13,12,2,1
35,18,18,8
32,24,9,8
3,3,1,14
22,17,6,3
36,35,2,12
8,3,6,10
27,24,4,10
2,1,2,9
4,3,2,1
29,15,15,11
9,9,1,12
43,7,37,8
27,21,7,2
9,2,8,12
32,7,26,14
35,15,21,4
27,15,13,8
13,13,1,2
23,7,17,6
30,14,17,1
3,2,2,8
40,15,26,10
38,27,12,14
15,6,10,4
34,20,15,2
27,23,5,11
8,4,5,12
22,16,7,11
45,26,20,3
21,17,5,12
15,5,11,7
32,3,30,2
18,7,12,14
38,28,11,3
30,10,21,12
19,8,12,14
23,15,9,14
46,7,40,3
11,8,4,4
13,9,5,2
19,6,14,10
3,1,3,11
11,7,5,1
38,14,25,8
8,1,8,7
6,4,3,3
43,40,4,8
37,17,21,2
14,3,12,4
9,8,2,3
29,11,19,5
28,15,14,4
7,7,1,4
37,37,1,9
36,6,31,4
42,36,7,2
2,2,1,13
24,18,7,3
15,13,3,12
4,2,3,13
36,13,24,14
29,5,25,2
28,22,7,5
44,43,2,2
15,8,8,14
2,1,2,5
33,25,9,13
21,1,21,8
45,1,45,14
3,3,1,12
28,27,2,6
45,31,15,13
40,24,17,1
31,19,13,14
27,11,17,4
28,3,26,1
12,8,5,6
30,16,15,3
16,10,7,12
7,2,6,12
33,30,4,5
42,15,28,5
24,5,20,2
27,20,8,12
1,1,1,7
4,1,4,5
30,27,4,14
46,37,10,8
20,20,1,14
21,16,6,13
3,1,3,14
1,1,1,2
31,27,5,7
25,20,6,1
38,34,5,9
7,5,3,5
12,10,3,1
35,35,1,12
14,11,4,3
44,8,37,9
41,26,16,2
8,2,7,5
18,2,17,8
9,4,6,8
45,28,18,13
26,16,11,12
7,2,6,8
20,18,3,9
14,4,11,1
6,2,5,10
22,2,21,4
11,1,11,14
29,29,1,1
32,30,3,7
5,2,4,5
17,6,12,13
36,30,7,9
12,10,3,14
36,33,4,12
14,12,3,6
6,5,2,2
11,1,11,2
5,3,3,12
46,45,2,10
10,6,5,5
27,11,17,5
2,2,1,11
2,1,2,6
9,9,1,11
41,16,26,13
39,19,21,2
30,23,8,7
28,22,7,4
18,9,10,5
11,2,10,6
28,13,16,14
40,1,40,1
10,1,10,12
41,16,26,10
26,15,12,13
7,3,5,13
32,18,15,9
3,2,2,4
35,15,21,6
41,14,28,11
11,4,8,10
26,5,22,3
20,1,20,13
6,2,5,7
18,14,5,13
14,11,4,3
42,4,39,11
5,1,5,4
6,4,3,2
19,13,7,7
45,22,24,14
46,4,43,5
29,4,26,12
28,2,27,10
26,19,8,10
38,32,7,4
9,9,1,14
1,1,1,2
16,6,11,14
14,1,14,1
6,5,2,4
17,1,17,1
24,6,19,1
21,12,10,10
7,7,1,9
30,6,25,10
33,17,17,11
39,31,9,4
38,34,5,7
18,18,1,7
46,30,17,13
17,12,6,14
13,5,9,9
41,18,24,1
41,2,40,6
45,35,11,7
40,19,22,10
39,20,20,6
42,40,3,11
32,29,4,7
21,9,13,6
37,16,22,13
17,7,11,7
38,26,13,6
33,23,11,13
22,7,16,10
279
39,21,19,10
36,20,17,3
42,29,14,17
10,8,3,14
39,39,1,16
10,5,6,6
27,7,21,6
11,3,9,3
8,3,6,3
4,4,1,10
48,9,40,8
27,13,15,1
13,3,11,13
13,10,4,13
17,5,13,16
37,1,37,8
2,2,1,7
7,1,7,16
38,36,3,19
5,2,4,4
39,30,10,18
3,2,2,13
23,14,10,11
46,25,22,2
47,9,39,13
42,30,13,13
26,6,21,6
14,9,6,8
31,23,9,2
9,4,6,1
4,4,1,6
8,8,1,15
35,17,19,5
38,24,15,9
17,9,9,18
32,9,24,7
40,36,5,4
25,22,4,17
48,3,46,13
3,2,2,2
31,26,6,3
13,10,4,16
42,26,17,15
45,2,44,2
8,6,3,6
25,7,19,5
27,10,18,9
30,26,5,10
6,6,1,8
24,14,11,5
41,13,29,13
40,1,40,14
46,21,26,10
14,14,1,19
26,20,7,3
2,1,2,2
2,1,2,19
30,21,10,9
41,7,35,1
47,24,24,13
23,4,20,12
13,7,7,15
34,34,1,18
21,2,20,8
21,15,7,3
3,1,3,12
38,24,15,18
2,1,2,14
28,18,11,1
4,1,4,4
15,7,9,10
7,4,4,13
32,26,7,1
18,6,13,10
4,2,3,1
27,14,14,7
2,1,2,10
48,5,44,14
29,5,25,14
6,5,2,5
12,11,2,5
3,1,3,12
47,12,36,14
3,1,3,3
44,39,6,5
26,8,19,16
9,7,3,18
10,1,10,6
19,6,14,9
29,2,28,5
33,25,9,19
2,1,2,7
35,29,7,10
42,21,22,11
31,15,17,19
3,1,3,2
23,1,23,12
1,1,1,8
30,5,26,7
37,26,12,10
30,30,1,6
7,3,5,3
17,17,1,16
4,1,4,12
22,2,21,19
26,18,9,5
12,2,11,7
1,1,1,14
22,14,9,16
21,16,6,8
2,1,2,12
8,4,5,13
3,1,3,14
2,2,1,17
27,1,27,13
3,3,1,7
34,34,1,16
44,12,33,17
5,3,3,5
13,7,7,5
23,12,12,8
10,9,2,4
37,15,23,5
28,8,21,1
10,1,10,14
7,2,6,9
43,37,7,1
10,2,9,16
2,2,1,16
46,17,30,6
30,16,15,3
45,15,31,4
11,8,4,15
42,5,38,8
39,10,30,19
4,4,1,1
11,4,8,9
16,6,11,18
9,3,7,14
46,45,2,4
32,6,27,18
40,36,5,6
5,4,2,15
44,2,43,6
3,3,1,3
9,5,5,18
28,17,12,18
23,21,3,3
23,6,18,13
41,31,11,2
29,19,11,11
43,9,35,11
3,2,2,13
48,27,22,12
24,22,3,16
30,25,6,17
31,8,24,14
14,1,14,4
15,5,11,10
10,10,1,1
48,2,47,9
34,21,14,6
27,3,25,6
36,17,20,9
43,3,41,16
17,8,10,11
5,4,2,13
30,12,19,19
44,24,21,14
32,30,3,3
9,7,3,6
35,28,8,17
4,2,3,14
41,29,13,4
48,10,39,8
45,30,16,12
16,4,13,10
26,23,4,7
27,10,18,16
26,19,8,7
33,19,15,17
27,2,26,11
20,17,4,18
18,15,4,2
48,31,18,14
20,16,5,4
26,16,11,18
30,29,2,10
32,14,19,9
28,1,28,13
28,21,8,4
6,3,4,2
12,6,7,9
27,27,1,13
7,2,6,18
8,8,1,1
1,1,1,14
2,2,1,2
11,5,7,10
13,13,1,9
39,16,24,18
3,1,3,5
47,40,8,18
18,9,10,2
36,10,27,16
16,15,2,5
45,2,44,8
30,15,16,19
38,11,28,15
17,14,4,1
37,25,13,3
16,8,9,16
38,15,24,10
44,43,2,5
25,22,4,14
11,4,8,3
29,11,19,19
24,7,18,5
7,7,1,19
7,3,5,2
35,19,17,2
31,10,22,8
46,11,36,14
20,9,12,7
16,8,9,10
14,3,12,9
2,1,2,1
3,1,3,5
7,7,1,10
9,4,6,14
25,15,11,5
32,27,6,17
11,8,4,14
13,7,7,2
16,9,8,16
8,5,4,6
3,2,2,17
30,28,3,17
11,8,4,1
14,14,1,5
34,16,19,19
16,11,6,15
45,6,40,18
36,18,19,11
8,3,6,15
44,44,1,9
1,1,1,16
37,21,17,16
33,6,28,7
28,5,24,5
28,12,17,7
5,3,3,2
47,22,26,10
30,18,13,18
44,1,44,11
35,23,13,4
31,4,28,5
15,11,5,10
22,5,18,3
7,5,3,7
3,3,1,19
20,19,2,10
29,15,15,11
35,35,1,12
7,6,2,2
32,30,3,18
8,3,6,2
11,2,10,19
7,4,4,10
6,5,2,10
44,44,1,10
10,3,8,15
48,34,15,14
4,3,2,3
24,21,4,8
45,21,25,3
46,46,1,17
22,18,5,19
4,1,4,11
246
65,33,33,2
71,42,30,6
49,41,9,7
35,34,2,9
74,41,34,7
39,2,38,12
8,5,4,3
47,32,16,8
1,1,1,12
9,2,8,7
13,9,5,4
8,6,3,3
82,68,15,8
41,17,25,3
12,10,3,3
40,20,21,8
29,15,15,3
72,49,24,4
28,12,17,6
35,18,18,4
32,16,17,6
67,15,53,3
20,10,11,1
58,41,18,2
84,48,37,4
63,30,34,11
73,15,59,9
81,34,48,2
18,4,15,1
37,5,33,12
23,17,7,4
36,21,16,5
58,57,2,7
9,7,3,4
50,26,25,6
28,24,5,3
83,5,79,1
68,58,11,12
24,22,3,3
88,10,79,1
20,15,6,2
52,34,19,6
88,54,35,1
46,36,11,2
63,3,61,3
82,52,31,5
18,1,18,10
45,17,29,8
39,18,22,7
74,47,28,8
58,35,24,9
39,3,37,2
28,27,2,10
7,7,1,6
72,18,55,12
65,57,9,7
59,38,22,5
68,42,27,11
33,4,30,9
19,6,14,2
25,23,3,2
7,5,3,10
77,30,48,11
24,9,16,12
61,12,50,5
20,6,15,11
84,79,6,1
40,11,30,6
30,29,2,11
52,42,11,7
16,13,4,7
23,3,21,12
26,12,15,2
6,1,6,12
72,28,45,4
27,23,5,1
77,40,38,5
10,1,10,1
75,41,35,10
63,58,6,10
53,30,24,6
29,12,18,6
61,39,23,2
72,71,2,9
29,17,13,3
30,25,6,1
75,39,37,10
56,29,28,7
3,3,1,8
39,33,7,8
63,37,27,2
28,28,1,10
24,2,23,4
83,41,43,5
17,6,12,9
27,9,19,4
61,25,37,10
75,37,39,1
46,24,23,3
48,5,44,3
13,7,7,7
88,64,25,10
10,9,2,10
65,47,19,8
1,1,1,4
51,28,24,4
87,41,47,9
36,10,27,10
55,19,37,9
38,26,13,4
88,86,3,3
82,80,3,2
17,11,7,12
19,1,19,12
50,36,15,2
70,26,45,1
53,16,38,2
36,36,1,8
42,26,17,1
37,25,13,7
64,15,50,8
82,33,50,7
70,33,38,8
79,63,17,4
62,10,53,10
12,9,4,5
72,64,9,10
6,4,3,5
86,58,29,12
47,30,18,2
22,19,4,1
42,12,31,3
49,48,2,6
48,29,20,12
65,9,57,2
19,14,6,9
71,64,8,2
32,11,22,3
33,9,25,9
42,33,10,10
76,25,52,1
52,24,29,12
14,1,14,8
33,11,23,1
85,16,70,4
55,1,55,12
72,10,63,4
27,19,9,8
76,23,54,4
47,6,42,8
19,8,12,6
69,39,31,3
58,45,14,4
4,4,1,10
4,3,2,2
79,17,63,2
38,16,23,2
67,56,12,4
38,18,21,1
29,13,17,2
55,45,11,2
80,72,9,2
67,37,31,1
30,28,3,11
45,10,36,4
30,26,5,8
26,22,5,11
54,26,29,7
38,30,9,1
78,56,23,2
9,6,4,7
36,16,21,2
17,14,4,10
13,10,4,8
11,3,9,11
56,8,49,11
69,48,22,4
15,8,8,1
23,18,6,5
75,52,24,1
82,51,32,10
20,20,1,4
44,30,15,8
68,16,53,9
46,26,21,12
11,10,2,8
6,2,5,9
64,30,35,3
85,46,40,10
45,32,14,8
57,29,29,6
33,16,18,8
47,7,41,11
32,24,9,6
50,4,47,4
77,64,14,1
78,15,64,7
41,25,17,11
39,5,35,7
50,48,3,4
71,55,17,2
15,8,8,3
83,56,28,2
49,33,17,3
18,13,6,2
54,46,9,3
81,45,37,2
2,1,2,10
25,2,24,11
36,8,29,3
12,11,2,7
11,6,6,6
18,15,4,9
70,41,30,1
53,3,51,9
79,62,18,7
46,8,39,8
17,10,8,2
80,35,46,12
25,20,6,1
69,5,65,1
40,22,19,1
28,18,11,6
88,4,85,5
43,3,41,1
19,2,18,2
87,72,16,9
18,18,1,12
81,73,9,4
70,19,52,9
78,23,56,4
66,32,35,11
60,30,31,4
86,23,64,1
23,17,7,9
10,3,8,11
69,36,34,9
46,7,40,11
35,17,19,1
55,21,35,1
17,6,12,6
13,3,11,8
50,7,44,4
29,15,15,6
84,4,81,2
79,69,11,1
256
11,9,3,5
34,28,7,1
64,14,51,9
49,12,38,18
49,17,33,18
4,4,1,10
8,2,7,15
5,2,4,15
63,12,52,2
6,1,6,9
64,13,52,13
23,5,19,13
50,7,44,9
27,2,26,16
49,37,13,2
19,18,2,19
18,16,3,19
17,2,16,17
53,29,25,5
34,7,28,14
22,12,11,3
47,14,34,1
36,36,1,4
16,6,11,15
19,4,16,15
42,8,35,14
10,10,1,17
60,57,4,9
33,26,8,13
61,41,21,18
28,15,14,13
65,37,29,11
4,1,4,9
43,3,41,7
44,33,12,6
55,31,25,13
3,1,3,18
4,1,4,10
65,8,58,4
16,11,6,3
19,3,17,17
50,7,44,8
38,6,33,11
15,2,14,6
23,8,16,11
22,21,2,18
60,4,57,7
32,14,19,11
16,3,14,3
10,3,8,14
58,57,2,18
18,15,4,7
45,5,41,5
25,22,4,15
28,3,26,14
22,3,20,7
28,4,25,3
48,44,5,3
39,29,11,14
56,4,53,16
24,20,5,9
16,16,1,17
56,22,35,15
4,3,2,19
51,36,16,16
16,9,8,4
9,4,6,12
59,17,43,1
15,8,8,3
47,8,40,17
24,2,23,3
38,23,16,11
5,4,2,10
29,24,6,17
60,14,47,11
46,23,24,10
54,16,39,11
12,9,4,17
11,10,2,19
57,11,47,19
58,51,8,18
22,9,14,8
52,17,36,12
7,6,2,8
17,9,9,19
59,39,21,14
62,32,31,16
11,5,7,10
26,23,4,16
10,6,5,6
61,50,12,1
50,34,17,13
54,36,19,12
13,9,5,10
34,25,10,9
14,8,7,15
54,22,33,4
53,24,30,16
50,44,7,10
30,26,5,9
60,12,49,9
20,2,19,7
29,10,20,4
48,10,39,12
25,23,3,7
19,18,2,10
56,1,56,9
45,14,32,17
36,28,9,14
6,3,4,3
45,18,28,15
23,8,16,14
1,1,1,1
13,9,5,1
16,14,3,16
25,20,6,5
63,13,51,7
44,44,1,11
54,16,39,14
14,12,3,17
9,4,6,7
3,2,2,6
34,31,4,8
56,35,22,6
36,4,33,15
33,4,30,18
14,14,1,9
11,5,7,8
34,6,29,7
37,15,23,10
44,38,7,12
38,37,2,1
6,6,1,10
22,6,17,11
26,2,25,11
41,2,40,19
48,41,8,4
8,7,2,12
12,8,5,11
15,5,11,12
50,1,50,10
8,7,2,9
12,11,2,6
54,44,11,12
11,9,3,1
27,5,23,11
34,26,9,1
30,27,4,5
50,21,30,18
2,2,1,9
44,20,25,13
2,2,1,3
61,33,29,16
5,1,5,12
45,27,19,6
36,15,22,10
44,25,20,15
15,3,13,6
2,1,2,18
34,12,23,13
13,11,3,15
17,13,5,5
30,14,17,10
60,20,41,18
8,5,4,16
48,41,8,4
9,7,3,6
18,16,3,7
9,9,1,8
58,14,45,16
20,1,20,2
34,20,15,4
53,12,42,18
35,2,34,19
13,12,2,8
47,7,41,5
6,3,4,18
17,6,12,18
1,1,1,19
39,37,3,5
24,8,17,2
35,5,31,17
53,13,41,16
60,45,16,4
5,2,4,9
51,26,26,14
32,13,20,19
36,34,3,19
45,39,7,4
51,34,18,5
58,6,53,12
27,6,22,15
47,1,47,18
48,19,30,3
37,32,6,8
52,35,18,4
10,9,2,2
6,3,4,5
3,2,2,12
63,52,12,7
29,6,24,8
40,30,11,13
32,15,18,4
53,49,5,15
64,8,57,5
57,6,52,6
25,23,3,16
38,17,22,19
59,2,58,15
47,42,6,1
54,18,37,1
9,6,4,4
17,7,11,8
5,1,5,16
26,5,22,18
33,10,24,5
52,4,49,7
51,9,43,3
16,6,11,3
32,26,7,5
27,8,20,8
14,7,8,3
32,24,9,1
15,15,1,6
30,13,18,13
39,21,19,14
34,34,1,18
9,5,5,12
64,40,25,7
7,6,2,12
30,5,26,7
58,17,42,9
19,6,14,15
45,34,12,13
57,5,53,3
27,26,2,12
10,9,2,6
40,31,10,13
60,34,27,16
50,50,1,19
41,18,24,14
46,32,15,12
28,3,26,3
53,26,28,6
61,47,15,4
32,25,8,2
63,10,54,6
39,19,21,14
20,3,18,9
19,15,5,9
8,3,6,8
20,18,3,3
30,14,17,7
40,9,32,17
58,52,7,5
25,13,13,5
331
2,2,1,6
79,24,56,10
42,32,11,5
72,44,29,7
65,65,1,3
31,8,24,1
47,46,2,4
13,11,3,8
29,10,20,4
36,36,1,9
72,18,55,1
79,15,65,9
51,13,39,9
74,5,70,6
4,4,1,8
30,7,24,4
47,26,22,2
81,46,36,5
5,4,2,9
69,40,30,9
50,2,49,11
15,15,1,1
62,19,44,11
7,4,4,7
19,12,8,10
82,77,6,6
38,22,17,9
64,2,63,11
29,27,3,8
50,22,29,11
46,11,36,10
18,6,13,10
63,19,45,6
80,40,41,7
6,1,6,11
40,39,2,10
82,68,15,5
24,7,18,2
54,2,53,6
54,50,5,1
46,5,42,5
58,6,53,4
72,72,1,11
43,8,36,8
6,3,4,7
21,14,8,6
47,26,22,7
56,40,17,8
13,8,6,6
29,11,19,6
42,15,28,7
13,10,4,7
72,39,34,4
60,29,32,9
80,67,14,2
36,18,19,11
44,17,28,12
76,63,14,12
52,14,39,2
63,11,53,4
48,27,22,6
28,25,4,1
48,2,47,9
37,22,16,8
17,14,4,7
59,6,54,11
41,33,9,10
33,7,27,12
62,27,36,12
15,6,10,1
70,25,46,11
41,35,7,2
18,10,9,1
65,36,30,2
9,1,9,5
66,49,18,9
54,23,32,3
6,2,5,3
56,12,45,1
77,11,67,3
4,1,4,6
21,21,1,6
47,26,22,10
9,7,3,5
57,40,18,4
22,19,4,8
49,13,37,9
66,39,28,6
30,1,30,9
41,32,10,2
80,1,80,10
15,9,7,9
57,57,1,5
32,29,4,9
28,16,13,8
73,73,1,3
45,30,16,7
49,24,26,5
7,3,5,8
43,27,17,2
7,6,2,4
8,5,4,10
49,4,46,5
61,36,26,1
26,10,17,6
32,1,32,5
1,1,1,8
45,20,26,4
18,1,18,10
21,17,5,9
47,16,32,2
43,27,17,10
54,13,42,4
73,73,1,11
7,1,7,3
8,6,3,5
25,9,17,12
10,6,5,10
15,3,13,9
41,27,15,9
20,9,12,5
23,17,7,11
47,3,45,4
15,15,1,10
70,27,44,12
68,37,32,2
32,13,20,3
51,4,48,7
1,1,1,5
80,54,27,3
7,6,2,7
9,8,2,9
13,6,8,12
74,9,66,4
19,1,19,6
21,15,7,12
70,41,30,5
44,42,3,12
77,76,2,6
43,35,9,8
35,35,1,1
78,1,78,7
21,13,9,1
27,21,7,9
35,30,6,1
34,33,2,8
44,35,10,7
17,9,9,9
40,5,36,10
60,29,32,3
81,6,76,8
63,6,58,4
42,42,1,9
51,6,46,9
73,6,68,2
17,3,15,4
36,9,28,1
10,2,9,10
54,52,3,10
62,19,44,10
38,9,30,5
4,4,1,1
48,20,29,5
36,31,6,5
15,5,11,11
50,31,20,5
70,12,59,10
29,17,13,4
75,32,44,4
64,24,41,3
25,10,16,1
53,36,18,5
68,26,43,9
80,51,30,12
47,12,36,1
79,16,64,11
55,45,11,7
79,76,4,3
7,4,4,11
40,22,19,7
9,9,1,3
21,17,5,9
31,21,11,6
30,19,12,1
19,14,6,4
6,2,5,11
57,27,31,2
59,27,33,10
34,22,13,8
51,49,3,9
67,21,47,4
19,10,10,2
32,20,13,5
31,18,14,11
68,51,18,4
45,2,44,1
8,6,3,9
74,19,56,4
7,5,3,8
8,3,6,12
31,29,3,4
65,31,35,6
65,27,39,5
5,3,3,5
33,4,30,9
33,14,20,4
70,5,66,8
3,3,1,10
48,20,29,1
46,13,34,9
10,8,3,5
51,13,39,5
26,2,25,7
33,24,10,12
78,78,1,2
40,3,38,5
67,22,46,7
78,14,65,4
26,23,4,6
10,7,4,2
68,42,27,3
44,17,28,11
17,2,16,10
76,9,68,6
2,1,2,3
66,7,60,6
43,37,7,9
32,2,31,6
43,36,8,8
8,1,8,11
58,39,20,8
49,49,1,6
42,6,37,5
53,44,10,6
51,11,41,8
78,49,30,6
80,19,62,2
18,15,4,7
73,10,64,4
28,28,1,8
34,4,31,11
11,2,10,2
43,8,36,2
77,19,59,5
33,24,10,11
62,18,45,10
17,12,6,2
35,26,10,1
61,36,26,12
67,59,9,4
43,21,23,5
44,39,6,6
41,14,28,12
81,53,29,4
13,1,13,9
75,34,42,9
82,18,65,7
82,51,32,10
68,57,12,7
55,20,36,10
24,3,22,3
9,6,4,1
37,11,27,7
24,16,9,4
45,26,20,3
17,8,10,1
79,25,55,9
24,16,9,9
58,7,52,11
30,29,2,12
21,3,19,4
17,15,3,10
9,1,9,12
20,12,9,10
49,15,35,1
54,46,9,3
23,12,12,12
18,13,6,12
59,39,21,5
44,7,38,2
59,31,29,5
24,12,13,4
1,1,1,8
13,3,11,6
38,25,14,5
56,30,27,5
56,42,15,10
10,9,2,12
56,55,2,10
57,47,11,4
67,29,39,11
2,2,1,7
39,21,19,3
30,9,22,9
40,33,8,2
11,3,9,3
55,6,50,9
27,22,6,1
49,34,16,9
77,31,47,7
44,39,6,8
33,4,30,2
42,25,18,4
68,9,60,7
76,61,16,11
55,45,11,7
82,68,15,3
80,36,45,1
47,21,27,2
71,13,59,7
50,50,1,12
7,6,2,11
65,47,19,8
78,33,46,6
71,63,9,6
68,53,16,6
81,71,11,4
20,17,4,5
36,15,22,9
26,10,17,11
72,15,58,10
78,9,70,9
60,49,12,11
48,13,36,1
14,9,6,12
73,7,67,12
9,4,6,9
66,59,8,11
66,55,12,8
52,33,20,11
53,37,17,9
490
35,11,25,7
30,17,14,1
45,32,14,26
63,53,11,25
48,46,3,11
74,50,25,12
84,81,4,22
11,4,8,13
8,8,1,11
91,31,61,10
65,63,3,7
36,7,30,16
31,19,13,20
50,24,27,18
96,45,52,13
11,10,2,11
32,25,8,3
27,23,5,21
28,19,10,27
99,25,75,12
11,5,7,2
8,6,3,14
38,9,30,12
28,2,27,10
59,59,1,11
16,5,12,20
20,5,16,12
7,3,5,16
86,40,47,25
11,3,9,20
89,17,73,5
42,34,9,20
52,50,3,24
88,51,38,14
52,31,22,10
28,26,3,21
42,30,13,24
43,27,17,4
33,10,24,23
96,42,55,18
75,4,72,22
51,7,45,22
17,5,13,25
57,1,57,27
79,48,32,11
8,1,8,28
22,15,8,13
21,20,2,8
5,2,4,12
24,14,11,25
33,23,11,23
64,21,44,17
100,91,10,27
32,15,18,14
83,34,50,19
10,5,6,25
83,7,77,18
77,51,27,5
83,51,33,22
15,13,3,15
95,24,72,17
23,14,10,14
43,24,20,2
37,23,15,4
96,28,69,6
4,3,2,12
34,16,19,20
97,6,92,7
4,4,1,27
25,8,18,16
74,6,69,16
23,11,13,3
64,14,51,29
2,2,1,29
71,8,64,14
17,9,9,14
93,4,90,27
2,1,2,11
84,10,75,28
66,50,17,5
78,45,34,20
63,36,28,20
65,3,63,1
42,28,15,5
84,71,14,2
6,5,2,15
73,48,26,14
53,49,5,5
97,88,10,17
78,60,19,21
33,4,30,7
74,50,25,27
55,43,13,24
1,1,1,26
3,3,1,4
87,13,75,4
47,34,14,13
83,59,25,27
10,4,7,28
2,1,2,28
89,27,63,1
62,23,40,29
42,41,2,23
23,11,13,22
31,1,31,4
62,55,8,20
39,3,37,13
37,7,31,13
11,7,5,18
49,16,34,26
44,11,34,13
93,5,89,15
46,41,6,26
54,28,27,26
15,7,9,11
31,3,29,25
29,7,23,25
20,11,10,8
15,3,13,16
65,40,26,1
55,6,50,28
38,7,32,6
28,3,26,23
28,16,13,23
26,18,9,3
18,15,4,18
66,2,65,17
50,37,14,12
42,9,34,15
15,10,6,23
5,1,5,8
60,39,22,19
81,16,66,6
98,28,71,24
50,39,12,25
18,11,8,11
11,2,10,9
75,1,75,26
77,43,35,6
50,18,33,26
34,20,15,17
90,27,64,9
99,76,24,7
93,88,6,6
28,2,27,1
84,10,75,8
18,16,3,8
69,11,59,10
83,80,4,26
52,9,44,9
88,55,34,10
75,32,44,24
11,6,6,3
59,38,22,8
25,16,10,21
19,8,12,10
17,4,14,23
62,20,43,6
96,38,59,27
41,4,38,16
34,2,33,15
10,5,6,12
17,6,12,23
64,51,14,13
71,54,18,21
96,23,74,15
83,45,39,21
9,6,4,11
63,25,39,10
91,79,13,4
6,4,3,15
87,37,51,17
2,1,2,20
59,51,9,2
13,2,12,7
99,54,46,15
79,40,40,17
35,20,16,29
39,35,5,18
67,16,52,28
36,29,8,23
45,37,9,2
27,17,11,15
26,22,5,10
54,54,1,25
17,11,7,4
88,52,37,24
14,2,13,5
94,17,78,7
99,2,98,17
34,21,14,28
70,64,7,1
38,13,26,6
56,23,34,25
26,15,12,15
16,13,4,14
26,9,18,14
3,1,3,25
73,17,57,7
95,29,67,6
14,13,2,29
23,6,18,7
26,7,20,8
39,38,2,20
48,19,30,20
67,30,38,22
19,14,6,17
41,23,19,10
69,69,1,28
79,32,48,1
86,74,13,16
90,85,6,16
20,14,7,20
48,26,23,8
87,61,27,21
34,12,23,15
37,17,21,3
99,75,25,4
71,3,69,16
30,26,5,20
36,29,8,15
62,31,32,12
9,6,4,25
19,19,1,15
11,1,11,24
6,2,5,26
77,74,4,2
38,13,26,19
68,55,14,9
32,31,2,14
91,62,30,27
34,7,28,14
2,1,2,24
60,20,41,26
22,16,7,10
60,31,30,26
36,28,9,9
17,4,14,6
42,23,20,23
8,2,7,28
69,60,10,29
20,6,15,11
33,6,28,10
41,36,6,1
18,5,14,13
96,85,12,21
26,22,5,8
62,57,6,14
24,22,3,8
23,14,10,23
67,21,47,24
54,30,25,21
29,10,20,26
70,15,56,28
24,24,1,29
91,3,89,5
23,1,23,23
77,23,55,23
91,2,90,28
18,6,13,4
79,54,26,14
6,1,6,10
71,7,65,11
37,30,8,24
13,8,6,10
66,40,27,4
89,64,26,2
64,63,2,4
58,13,46,20
39,14,26,4
83,59,25,26
26,2,25,16
89,26,64,28
17,11,7,17
78,44,35,29
71,8,64,13
71,11,61,17
97,21,77,8
99,82,18,23
87,49,39,4
27,18,10,5
86,65,22,17
66,50,17,11
90,14,77,15
47,4,44,25
26,14,13,1
73,59,15,9
41,32,10,22
69,17,53,16
94,60,35,21
48,26,23,22
33,26,8,6
57,14,44,16
85,14,72,8
15,6,10,20
79,49,31,5
49,46,4,23
13,8,6,18
90,51,40,28
85,11,75,29
5,1,5,19
98,43,56,13
37,9,29,13
32,3,30,14
82,74,9,4
81,13,69,23
38,26,13,29
51,9,43,20
14,1,14,1
64,28,37,2
13,2,12,13
32,30,3,7
55,14,42,15
59,12,48,2
42,28,15,9
19,19,1,19
87,12,76,26
67,56,12,25
21,6,16,23
68,38,31,2
24,7,18,25
2,2,1,24
68,12,57,22
78,31,48,20
8,2,7,11
94,12,83,25
80,26,55,24
90,86,5,4
58,11,48,9
89,48,42,3
19,14,6,29
43,36,8,18
30,21,10,29
95,83,13,28
67,16,52,14
33,11,23,20
41,27,15,22
35,11,25,14
67,65,3,16
93,2,92,3
44,34,11,26
57,17,41,6
70,4,67,17
71,62,10,24
41,19,23,8
100,86,15,1
2,2,1,24
18,16,3,21
58,10,49,8
5,5,1,20
47,20,28,6
90,36,55,19
41,23,19,19
40,17,24,4
11,5,7,25
81,2,80,3
30,7,24,23
96,90,7,2
19,17,3,8
46,45,2,27
22,5,18,24
68,56,13,25
31,1,31,8
59,5,55,4
25,2,24,23
71,65,7,2
82,55,28,17
57,46,12,27
52,51,2,17
28,27,2,25
38,29,10,14
75,71,5,26
100,29,72,29
64,21,44,3
1,1,1,18
94,54,41,2
11,2,10,28
83,31,53,13
13,9,5,16
41,37,5,27
10,4,7,21
45,41,5,9
58,26,33,20
67,23,45,25
80,38,43,22
68,39,30,27
42,27,16,5
10,4,7,24
90,87,4,29
67,24,44,20
14,3,12,14
40,9,32,22
30,28,3,23
18,1,18,9
11,7,5,11
57,14,44,9
52,8,45,13
63,40,24,15
52,28,25,17
38,25,14,13
30,26,5,1
90,17,74,10
32,19,14,7
21,10,12,26
72,30,43,6
14,2,13,24
31,18,14,25
31,7,25,20
30,17,14,3
7,7,1,11
49,1,49,22
40,24,17,27
48,20,29,19
100,78,23,24
59,43,17,28
6,5,2,2
91,52,40,2
50,5,46,16
37,3,35,7
61,48,14,26
98,11,88,1
95,59,37,25
42,38,5,18
49,44,6,5
71,64,8,8
79,21,59,19
56,12,45,12
17,15,3,11
30,22,9,7
20,7,14,1
74,37,38,16
72,19,54,6
75,10,66,27
57,25,33,9
42,22,21,26
4,3,2,25
14,5,10,1
78,5,74,18
67,27,41,8
29,27,3,7
46,7,40,1
66,7,60,1
66,61,6,15
39,2,38,26
38,19,20,29
81,7,75,9
19,19,1,15
6,2,5,1
19,5,15,25
56,48,9,16
62,18,45,13
74,51,24,6
99,31,69,10
64,38,27,24
18,17,2,16
74,60,15,6
24,20,5,13
73,71,3,22
82,42,41,8
65,30,36,18
49,32,18,21
15,4,12,19
30,17,14,24
26,19,8,16
32,5,28,23
7,1,7,24
27,12,16,25
27,9,19,4
42,20,23,21
21,9,13,8
58,49,10,9
64,14,51,13
64,13,52,4
100,88,13,21
54,17,38,4
39,28,12,19
16,15,2,24
94,54,41,24
62,35,28,12
54,16,39,16
80,31,50,6
88,79,10,5
34,11,24,11
89,60,30,6
88,25,64,3
33,16,18,23
23,17,7,25
96,67,30,18
73,54,20,6
90,50,41,16
420
8,7,2,14
21,12,10,6
20,19,2,12
27,16,12,12
13,13,1,16
71,30,42,11
35,29,7,12
1,1,1,18
39,18,22,13
70,46,25,3
12,9,4,7
58,19,40,10
71,65,7,13
17,16,2,15
63,36,28,8
35,22,14,13
13,2,12,13
68,12,57,7
51,37,15,3
54,28,27,15
43,41,3,10
39,25,15,18
10,7,4,2
67,67,1,5
43,27,17,6
65,57,9,13
65,29,37,4
41,17,25,9
4,2,3,18
26,10,17,8
1,1,1,13
23,8,16,19
66,52,15,15
47,13,35,10
32,24,9,13
38,31,8,11
3,3,1,6
57,19,39,10
6,1,6,16
71,9,63,2
60,56,5,5
37,5,33,19
36,30,7,10
36,4,33,6
53,6,48,4
26,2,25,2
67,44,24,12
58,40,19,2
62,5,58,3
36,8,29,6
32,11,22,16
60,40,21,5
53,27,27,17
29,6,24,11
12,9,4,10
69,11,59,5
57,12,46,12
26,11,16,11
48,8,41,12
30,14,17,2
39,30,10,3
45,43,3,11
31,30,2,6
21,2,20,5
11,6,6,13
46,34,13,17
64,8,57,2
36,29,8,2
18,4,15,12
26,20,7,11
20,4,17,14
30,18,13,15
34,24,11,9
3,1,3,7
56,28,29,3
50,7,44,18
42,36,7,4
24,13,12,4
11,6,6,15
61,48,14,15
10,6,5,15
29,15,15,7
22,13,10,2
40,28,13,10
51,28,24,4
36,6,31,15
4,1,4,4
1,1,1,17
27,9,19,15
48,9,40,16
33,6,28,14
51,25,27,7
48,45,4,3
59,27,33,4
7,5,3,8
37,9,29,6
20,11,10,6
51,45,7,10
40,35,6,9
14,7,8,8
65,5,61,14
40,36,5,18
53,36,18,18
12,6,7,11
69,68,2,18
65,65,1,18
54,5,50,2
28,26,3,1
41,39,3,18
42,36,7,6
14,4,11,18
42,32,11,8
57,37,21,19
20,13,8,7
45,28,18,8
20,18,3,18
5,4,2,9
18,12,7,15
5,5,1,15
45,22,24,14
34,11,24,5
22,3,20,6
41,15,27,14
34,12,23,5
64,7,58,18
65,64,2,5
55,42,14,17
51,6,46,3
45,35,11,1
49,33,17,5
34,32,3,1
3,3,1,5
24,20,5,13
21,19,3,5
64,11,54,13
4,3,2,8
5,4,2,9
59,10,50,3
32,25,8,6
23,18,6,18
54,34,21,4
16,11,6,15
12,10,3,6
46,11,36,17
47,40,8,19
6,2,5,3
71,68,4,2
49,29,21,15
68,50,19,19
1,1,1,14
46,10,37,13
63,47,17,3
52,5,48,5
47,17,31,4
16,13,4,19
69,63,7,17
33,24,10,6
48,38,11,5
51,26,26,2
49,41,9,12
68,28,41,1
13,8,6,18
53,45,9,19
10,7,4,14
16,12,5,2
52,51,2,11
14,10,5,14
64,44,21,14
30,14,17,1
59,57,3,11
17,5,13,2
68,41,28,9
65,21,45,13
43,15,29,6
15,15,1,17
42,10,33,2
32,1,32,6
66,38,29,9
17,17,1,11
70,38,33,17
65,23,43,1
11,11,1,6
62,35,28,19
62,52,11,1
38,5,34,6
29,8,22,16
44,32,13,16
59,22,38,12
11,2,10,16
42,14,29,13
50,6,45,7
8,1,8,19
53,25,29,15
48,16,33,9
45,45,1,2
14,13,2,10
41,41,1,4
21,1,21,1
2,2,1,13
10,9,2,2
18,7,12,9
44,19,26,5
30,19,12,13
1,1,1,5
26,24,3,6
45,4,42,11
68,48,21,19
30,28,3,14
48,43,6,2
53,14,40,6
47,43,5,15
52,25,28,8
17,7,11,15
53,15,39,3
50,11,40,4
69,51,19,13
59,39,21,18
18,5,14,3
35,18,18,10
17,17,1,16
58,33,26,2
35,33,3,2
71,32,40,2
3,1,3,3
60,14,47,1
28,11,18,12
54,19,36,17
29,23,7,9
4,3,2,11
20,20,1,2
49,34,16,18
21,18,4,13
69,29,41,8
14,8,7,14
7,3,5,8
63,37,27,18
31,10,22,13
3,3,1,3
13,4,10,5
7,6,2,11
69,40,30,4
49,41,9,16
59,6,54,13
10,4,7,4
36,5,32,1
26,5,22,6
38,33,6,13
60,18,43,18
66,36,31,17
70,54,17,19
9,6,4,18
10,5,6,19
67,5,63,8
65,62,4,13
25,8,18,6
11,10,2,14
6,1,6,17
50,37,14,14
2,2,1,1
21,9,13,1
60,44,17,13
62,5,58,18
37,37,1,2
65,46,20,17
14,7,8,7
68,32,37,14
65,56,10,4
58,26,33,6
23,6,18,9
15,12,4,7
25,4,22,7
1,1,1,1
55,16,40,18
27,8,20,17
51,39,13,8
18,4,15,5
49,19,31,7
64,28,37,2
10,5,6,16
45,15,31,17
39,32,8,9
2,1,2,9
7,2,6,8
9,6,4,17
63,34,30,12
12,11,2,12
28,2,27,8
59,5,55,13
9,8,2,8
8,2,7,11
67,62,6,10
67,3,65,14
34,33,2,5
21,8,14,16
13,4,10,19
13,7,7,1
58,28,31,13
59,43,17,16
66,1,66,6
47,17,31,11
4,2,3,13
4,1,4,18
28,22,7,12
33,17,17,16
28,25,4,18
4,2,3,11
49,34,16,6
57,34,24,4
63,61,3,7
48,43,6,4
41,31,11,13
34,33,2,16
18,6,13,10
11,3,9,7
13,4,10,13
30,25,6,13
69,43,27,8
38,24,15,18
60,25,36,19
67,35,33,17
61,15,47,13
17,17,1,10
53,32,22,18
2,1,2,16
20,16,5,6
57,54,4,16
53,30,24,19
12,8,5,3
32,8,25,17
12,6,7,7
35,26,10,13
48,36,13,3
53,18,36,12
68,3,66,13
28,1,28,16
50,23,28,5
11,9,3,14
65,42,24,4
45,1,45,3
25,6,20,15
71,8,64,11
17,5,13,16
11,10,2,13
57,1,57,9
11,11,1,9
28,23,6,7
25,13,13,11
49,40,10,5
52,2,51,10
35,29,7,5
6,1,6,16
5,4,2,3
8,8,1,11
5,1,5,13
44,24,21,5
41,34,8,14
37,33,5,1
51,21,31,14
9,6,4,16
57,45,13,18
31,22,10,19
70,22,49,2
10,4,7,12
31,30,2,16
1,1,1,5
26,12,15,19
3,2,2,17
62,48,15,7
28,3,26,9
3,2,2,2
2,2,1,4
10,7,4,5
21,1,21,4
18,7,12,4
65,28,38,6
59,7,53,7
40,24,17,1
27,18,10,2
19,1,19,8
17,9,9,14
63,35,29,10
43,27,17,19
51,4,48,2
21,2,20,14
37,33,5,1
19,13,7,14
59,18,42,17
29,9,21,2
33,17,17,14
12,1,12,16
16,1,16,8
47,17,31,18
4,1,4,15
30,13,18,5
67,1,67,3
60,51,10,9
36,5,32,19
9,1,9,17
27,9,19,14
39,14,26,3
12,6,7,15
58,7,52,2
38,30,9,5
24,20,5,13
7,7,1,9
58,44,15,13
57,10,48,1
66,50,17,9
39,30,10,11
21,13,9,12
54,35,20,5
8,7,2,15
38,17,22,3
59,3,57,16
42,39,4,4
20,15,6,7
53,28,26,14
3,2,2,18
69,53,17,3
65,64,2,19
445
43,8,36,3
30,13,18,1
45,13,33,15
44,27,18,8
41,2,40,14
60,3,58,4
67,36,32,16
72,5,68,5
52,6,47,2
69,56,14,11
64,17,48,5
58,54,5,13
55,5,51,8
51,49,3,7
3,2,2,10
13,4,10,4
20,5,16,3
61,15,47,13
65,13,53,8
24,11,14,12
28,2,27,15
3,1,3,12
47,3,45,10
20,11,10,1
50,9,42,8
2,2,1,14
38,2,37,5
64,21,44,15
1,1,1,9
70,45,26,2
4,4,1,3
37,25,13,7
60,53,8,6
41,8,34,2
68,6,63,3
62,12,51,8
60,13,48,8
69,58,12,10
33,18,16,9
22,14,9,6
66,14,53,13
70,58,13,15
9,4,6,4
18,3,16,13
24,3,22,10
19,9,11,1
17,14,4,1
15,15,1,16
9,9,1,10
32,8,25,7
6,1,6,7
35,5,31,1
10,9,2,16
67,34,34,6
35,30,6,3
61,36,26,11
68,58,11,5
44,36,9,9
29,7,23,13
54,8,47,1
20,16,5,15
55,44,12,9
64,5,60,16
57,13,45,1
22,18,5,10
43,22,22,14
23,20,4,13
59,35,25,4
25,20,6,11
30,4,27,5
33,22,12,14
72,32,41,1
52,13,40,16
58,2,57,2
21,1,21,2
61,44,18,16
22,6,17,14
44,41,4,9
9,2,8,8
42,4,39,10
22,8,15,5
1,1,1,3
64,11,54,13
64,62,3,10
38,8,31,15
64,13,52,15
50,36,15,8
43,5,39,16
20,18,3,13
58,24,35,7
68,7,62,2
63,18,46,2
51,30,22,7
36,8,29,2
61,26,36,15
52,31,22,7
23,17,7,1
57,17,41,9
12,8,5,11
53,12,42,11
27,2,26,12
51,39,13,7
16,7,10,3
7,5,3,3
8,7,2,5
38,8,31,9
52,30,23,14
60,53,8,6
50,2,49,9
22,22,1,12
35,5,31,15
35,31,5,3
10,8,3,3
54,48,7,8
14,8,7,8
47,3,45,2
47,27,21,1
27,15,13,15
67,38,30,3
4,2,3,7
48,9,40,10
28,6,23,11
10,3,8,8
21,10,12,10
15,7,9,8
36,36,1,15
62,33,30,1
34,11,24,2
62,16,47,1
65,2,64,8
7,1,7,14
17,6,12,2
69,63,7,1
11,1,11,11
20,3,18,14
45,7,39,16
63,8,56,7
26,24,3,16
37,17,21,3
53,38,16,4
50,10,41,13
46,9,38,1
10,1,10,4
39,7,33,8
27,26,2,3
63,49,15,14
45,7,39,4
67,49,19,13
36,23,14,16
7,6,2,9
26,17,10,2
18,10,9,15
68,44,25,9
40,24,17,15
33,32,2,4
43,15,29,15
32,30,3,11
5,1,5,1
10,9,2,3
8,5,4,4
7,5,3,4
61,4,58,7
1,1,1,13
58,45,14,8
18,5,14,1
71,12,60,11
54,29,26,16
58,27,32,9
15,5,11,11
70,15,56,9
28,11,18,12
24,16,9,9
63,62,2,5
8,2,7,13
59,34,26,3
27,22,6,13
45,25,21,8
18,15,4,13
48,2,47,4
58,1,58,7
54,7,48,1
11,11,1,5
33,17,17,3
24,18,7,13
30,18,13,8
71,45,27,16
44,31,14,1
43,39,5,2
48,27,22,16
51,42,10,8
66,45,22,11
23,23,1,3
51,26,26,2
43,17,27,13
70,20,51,14
63,59,5,4
52,11,42,3
48,33,16,15
22,3,20,15
23,17,7,11
18,8,11,16
6,5,2,9
4,2,3,9
12,2,11,5
68,1,68,3
49,1,49,15
14,10,5,2
40,9,32,11
9,6,4,4
18,4,15,12
63,41,23,5
13,6,8,9
47,19,29,1
37,18,20,6
54,14,41,10
64,22,43,9
13,2,12,16
47,30,18,6
27,24,4,4
66,13,54,11
33,30,4,15
28,28,1,5
71,58,14,9
11,10,2,15
28,22,7,2
71,13,59,1
26,14,13,3
35,33,3,3
7,3,5,14
12,10,3,8
15,11,5,5
41,26,16,9
47,32,16,5
62,48,15,1
29,22,8,13
56,25,32,8
10,4,7,9
69,32,38,16
16,3,14,4
24,3,22,15
4,4,1,4
14,2,13,3
15,1,15,8
54,49,6,11
1,1,1,9
8,3,6,4
45,44,2,6
52,8,45,13
50,32,19,1
53,21,33,13
71,46,26,2
43,22,22,9
27,13,15,4
72,50,23,8
63,50,14,6
39,2,38,4
11,9,3,13
63,23,41,9
54,35,20,10
58,46,13,9
72,19,54,5
44,35,10,8
65,39,27,10
15,12,4,1
7,3,5,8
67,4,64,3
8,4,5,7
25,23,3,10
56,48,9,7
3,1,3,15
45,11,35,11
25,19,7,3
22,20,3,10
36,8,29,4
17,4,14,13
56,32,25,5
32,29,4,6
55,20,36,11
58,30,29,13
55,2,54,10
36,1,36,10
64,12,53,9
4,1,4,5
58,57,2,16
31,9,23,12
61,39,23,11
32,30,3,2
22,4,19,10
41,15,27,8
1,1,1,14
34,27,8,4
1,1,1,4
23,4,20,11
66,11,56,10
60,20,41,6
57,25,33,7
58,10,49,2
46,17,30,2
51,8,44,3
25,18,8,5
48,40,9,16
23,10,14,5
51,36,16,8
69,69,1,15
49,3,47,1
70,56,15,10
29,9,21,8
26,18,9,4
9,8,2,1
53,43,11,2
40,32,9,11
27,25,3,2
2,2,1,9
19,8,12,3
9,2,8,5
49,26,24,7
21,2,20,4
55,46,10,8
41,11,31,7
10,10,1,8
68,15,54,10
26,1,26,10
36,34,3,8
4,3,2,4
71,32,40,5
51,25,27,8
1,1,1,14
19,4,16,8
54,44,11,11
25,17,9,4
63,43,21,3
5,5,1,10
29,8,22,6
48,47,2,10
49,38,12,13
27,12,16,12
9,7,3,6
2,1,2,13
35,27,9,1
12,11,2,13
27,27,1,3
3,3,1,15
25,11,15,9
14,11,4,9
10,2,9,16
13,10,4,1
66,8,59,7
6,3,4,7
62,37,26,5
61,60,2,7
70,58,13,10
40,36,5,16
49,42,8,12
41,10,32,4
40,15,26,16
62,60,3,12
27,15,13,15
34,14,21,2
40,40,1,14
62,25,38,16
39,33,7,8
71,1,71,3
72,5,68,9
51,10,42,16
46,32,15,15
47,33,15,7
14,6,9,13
25,18,8,10
23,14,10,2
39,13,27,3
21,10,12,13
39,2,38,5
2,2,1,13
37,5,33,8
22,13,10,13
7,3,5,3
29,2,28,14
45,25,21,12
57,6,52,3
27,5,23,1
15,6,10,10
46,26,21,7
26,3,24,2
71,8,64,16
60,28,33,13
8,6,3,12
23,21,3,9
22,7,16,16
16,11,6,12
12,5,8,2
25,25,1,1
69,65,5,15
45,18,28,6
1,1,1,12
36,15,22,7
36,20,17,5
10,6,5,10
19,15,5,15
60,15,46,6
18,11,8,9
12,3,10,5
51,33,19,2
40,24,17,5
46,36,11,3
18,15,4,4
16,10,7,4
39,17,23,14
55,49,7,9
24,23,2,12
31,28,4,12
70,5,66,9
4,4,1,16
71,14,58,16
18,3,16,8
52,1,52,1
70,57,14,16
26,24,3,4
17,4,14,4
18,5,14,12
39,6,34,13
27,11,17,2
32,21,12,15
39,7,33,7
3,2,2,5
68,40,29,8
35,14,22,3
72,46,27,8
9,6,4,4
27,27,1,2
30,2,29,4
44,14,31,5
61,5,57,4
17,17,1,6
72,13,60,9
69,46,24,16
52,20,33,7
39,3,37,9
68,50,19,15
28,4,25,2
2,1,2,13
39,2,38,15
26,20,7,13
41,6,36,7
52,10,43,7
24,21,4,7
462
56,21,36,12
59,17,43,5
24,11,14,2
68,31,38,8
50,29,22,10
60,48,13,4
69,23,47,1
44,4,41,7
30,25,6,11
52,43,10,11
74,18,57,6
75,66,10,12
67,12,56,4
72,61,12,10
49,29,21,10
10,6,5,1
39,35,5,5
44,23,22,4
6,2,5,7
75,44,32,5
33,2,32,12
39,9,31,8
71,33,39,11
6,2,5,4
1,1,1,8
33,2,32,7
23,9,15,11
61,10,52,9
23,4,20,11
10,2,9,5
29,9,21,11
52,2,51,12
52,23,30,3
17,13,5,3
28,20,9,4
42,34,9,1
21,2,20,9
63,24,40,8
19,18,2,10
44,9,36,4
59,50,10,8
53,53,1,11
23,9,15,8
31,23,9,11
40,11,30,2
38,15,24,11
23,1,23,8
4,2,3,4
3,1,3,8
67,46,22,4
6,2,5,6
26,16,11,7
2,2,1,4
73,65,9,8
9,2,8,7
42,7,36,12
61,23,39,1
59,50,10,8
52,9,44,11
4,4,1,12
16,11,6,10
3,3,1,1
42,31,12,9
37,36,2,10
75,70,6,6
21,12,10,2
15,14,2,6
28,11,18,4
58,4,55,10
67,52,16,4
55,52,4,8
67,34,34,5
28,7,22,5
56,34,23,9
31,24,8,6
48,41,8,10
15,4,12,3
69,65,5,8
12,11,2,2
23,17,7,8
12,6,7,10
71,25,47,6
33,23,11,9
31,4,28,2
45,22,24,8
67,38,30,3
58,30,29,2
8,7,2,1
43,33,11,5
25,6,20,9
35,15,21,4
19,14,6,5
29,20,10,10
18,2,17,11
55,46,10,11
30,4,27,1
57,17,41,1
56,33,24,8
17,12,6,10
44,1,44,5
61,44,18,6
23,16,8,11
47,20,28,5
15,8,8,4
76,32,45,4
55,25,31,1
57,43,15,3
55,35,21,10
35,4,32,7
68,16,53,4
39,22,18,4
60,2,59,2
20,1,20,12
11,9,3,7
16,16,1,1
15,7,9,5
71,59,13,10
39,11,29,7
65,4,62,12
62,29,34,1
72,14,59,1
52,33,20,8
56,3,54,9
57,31,27,7
8,7,2,12
51,1,51,4
18,4,15,12
72,25,48,2
5,1,5,11
28,14,15,8
28,14,15,8
56,54,3,11
29,15,15,8
2,2,1,5
56,16,41,6
14,12,3,11
14,5,10,9
27,4,24,3
37,37,1,11
24,2,23,1
23,10,14,12
76,11,66,3
5,3,3,11
53,45,9,8
3,1,3,9
28,3,26,11
7,7,1,3
40,35,6,8
56,52,5,9
51,47,5,5
51,42,10,1
57,50,8,12
16,7,10,10
14,10,5,6
60,60,1,1
75,43,33,1
13,7,7,6
13,4,10,1
60,27,34,12
47,45,3,5
28,24,5,9
29,24,6,4
20,19,2,3
47,39,9,6
46,6,41,5
74,39,36,2
19,4,16,12
4,3,2,5
9,7,3,7
50,5,46,6
33,29,5,12
39,2,38,6
43,30,14,7
21,11,11,11
6,4,3,8
39,22,18,11
67,46,22,9
62,36,27,12
7,1,7,4
75,13,63,4
74,9,66,8
51,25,27,11
61,54,8,8
16,7,10,4
69,46,24,8
47,44,4,11
46,31,16,8
15,9,7,11
75,14,62,9
73,19,55,1
56,40,17,2
10,7,4,11
75,13,63,12
11,6,6,5
59,20,40,2
37,31,7,7
25,4,22,9
8,1,8,9
55,3,53,3
33,1,33,10
23,5,19,8
61,47,15,2
64,59,6,10
67,67,1,7
42,11,32,12
76,16,61,4
10,8,3,10
40,17,24,11
62,23,40,1
47,10,38,12
33,23,11,6
1,1,1,3
2,2,1,9
24,2,23,8
31,21,11,8
7,2,6,3
63,12,52,2
13,2,12,11
23,7,17,7
31,11,21,11
65,30,36,9
65,3,63,12
41,34,8,7
11,11,1,2
2,1,2,4
58,26,33,3
43,34,10,3
14,6,9,2
11,5,7,6
13,7,7,7
21,4,18,9
74,54,21,3
44,33,12,8
31,31,1,2
29,29,1,12
33,27,7,9
38,27,12,8
8,5,4,3
18,4,15,12
66,61,6,10
39,19,21,1
35,31,5,4
17,4,14,8
42,30,13,3
58,5,54,10
15,12,4,9
28,17,12,10
76,27,50,6
7,5,3,10
23,17,7,12
17,16,2,8
35,31,5,11
14,9,6,5
1,1,1,3
59,42,18,12
11,6,6,7
46,10,37,11
25,17,9,1
48,8,41,12
57,18,40,8
3,2,2,4
2,2,1,10
44,25,20,5
54,28,27,9
25,5,21,11
15,5,11,7
16,10,7,2
28,11,18,12
21,17,5,4
60,60,1,3
15,14,2,2
66,56,11,9
39,11,29,9
72,9,64,7
74,64,11,10
66,14,53,11
42,38,5,6
22,19,4,3
70,21,50,3
34,12,23,2
52,11,42,1
69,28,42,7
68,33,36,1
9,2,8,3
26,7,20,5
18,12,7,6
25,25,1,9
53,31,23,7
42,6,37,5
2,1,2,11
59,31,29,3
73,73,1,5
30,24,7,1
66,50,17,11
47,38,10,5
31,6,26,7
17,11,7,10
56,37,20,2
36,8,29,8
59,58,2,3
33,32,2,7
46,18,29,2
58,31,28,6
16,12,5,2
20,16,5,12
24,8,17,8
38,37,2,12
17,2,16,9
66,35,32,9
40,20,21,2
53,31,23,12
74,71,4,2
51,9,43,1
64,33,32,1
64,63,2,2
23,23,1,7
45,4,42,4
74,65,10,11
15,15,1,12
58,41,18,2
6,3,4,6
31,13,19,2
27,7,21,4
12,5,8,7
7,3,5,11
50,7,44,6
21,17,5,9
37,7,31,6
54,42,13,8
7,3,5,2
54,37,18,7
58,51,8,10
16,5,12,2
76,64,13,8
9,6,4,2
38,14,25,6
70,51,20,10
65,21,45,1
26,16,11,7
3,3,1,11
8,7,2,1
2,1,2,11
68,9,60,2
23,20,4,9
67,17,51,4
71,8,64,3
41,16,26,7
54,54,1,1
20,10,11,12
14,2,13,12
8,2,7,10
67,41,27,3
70,44,27,3
75,54,22,2
30,1,30,10
24,9,16,8
29,10,20,8
13,5,9,8
48,10,39,8
49,14,36,2
54,23,32,9
39,18,22,1
72,1,72,3
32,31,2,8
66,15,52,12
58,16,43,6
14,7,8,5
1,1,1,6
54,41,14,1
57,30,28,9
13,3,11,11
18,4,15,8
36,13,24,5
19,13,7,4
50,38,13,10
66,28,39,11
31,20,12,8
36,23,14,9
7,4,4,8
38,33,6,4
19,14,6,7
13,11,3,9
20,10,11,11
23,7,17,10
50,16,35,3
58,25,34,1
48,13,36,11
67,1,67,12
49,46,4,9
5,4,2,11
65,3,63,4
47,36,12,11
12,7,6,8
22,9,14,1
72,23,50,2
21,19,3,11
15,8,8,5
49,42,8,3
68,57,12,4
55,1,55,8
35,3,33,1
5,5,1,3
24,6,19,7
19,6,14,11
29,18,12,5
26,2,25,3
3,2,2,3
34,1,34,12
30,25,6,2
19,15,5,7
63,15,49,5
66,39,28,5
49,11,39,4
1,1,1,7
30,17,14,4
35,35,1,4
34,13,22,2
40,39,2,6
73,58,16,2
48,35,14,5
32,28,5,9
33,24,10,2
59,51,9,2
52,12,41,2
70,41,30,11
49,22,28,8
76,41,36,8
37,23,15,5
7,6,2,7
22,12,11,4
32,9,24,10
45,9,37,10
60,57,4,11
34,20,15,9
48,38,11,12
2,2,1,8
16,15,2,9
55,11,45,11
59,18,42,3
25,14,12,5
7,2,6,7
60,22,39,9
64,23,42,10
62,39,24,12
32,7,26,12
75,40,36,1
72,6,67,9
25,1,25,12
60,13,48,4
7,2,6,6
6,4,3,10
10,9,2,6
37,3,35,10
51,36,16,7
70,15,56,7
52,36,17,10
64,59,6,11
8,2,7,12
30,3,28,7
31,16,16,12
23,12,12,6
28,8,21,5
359
51,1,51,11
43,26,18,2
60,19,42,2
18,18,1,3
54,42,13,6
18,3,16,11
41,33,9,9
56,7,50,2
49,45,5,8
32,13,20,6
42,5,38,1
21,5,17,8
58,14,45,8
14,8,7,9
68,24,45,11
42,24,19,8
48,26,23,4
70,20,51,11
62,51,12,11
70,20,51,2
40,2,39,5
32,16,17,4
21,1,21,4
22,14,9,11
5,4,2,6
46,39,8,5
40,19,22,8
18,2,17,8
31,16,16,5
5,2,4,2
21,19,3,6
42,28,15,4
60,59,2,1
23,6,18,1
45,43,3,11
19,16,4,1
27,18,10,6
50,19,32,5
72,71,2,10
65,9,57,4
3,1,3,5
46,17,30,9
34,14,21,5
68,39,30,7
11,10,2,6
8,3,6,2
46,36,11,7
32,24,9,10
12,8,5,4
56,10,47,10
54,25,30,10
4,4,1,7
66,46,21,7
66,3,64,5
42,19,24,4
24,15,10,8
5,2,4,9
47,38,10,4
71,28,44,9
11,1,11,6
14,4,11,11
70,53,18,11
16,9,8,9
43,12,32,4
72,3,70,4
30,19,12,7
21,7,15,2
47,30,18,9
6,6,1,2
37,36,2,10
28,5,24,4
61,9,53,8
58,57,2,3
47,4,44,8
47,10,38,2
24,19,6,8
61,27,35,3
59,40,20,2
55,32,24,7
45,23,23,5
69,45,25,10
18,3,16,6
63,41,23,8
10,1,10,3
38,20,19,3
1,1,1,6
53,16,38,7
31,4,28,10
40,13,28,7
18,16,3,3
39,14,26,11
45,43,3,8
22,2,21,9
57,48,10,6
36,2,35,8
56,20,37,7
11,11,1,7
10,7,4,6
12,8,5,6
67,26,42,7
25,22,4,4
61,4,58,2
41,34,8,7
25,17,9,10
66,49,18,7
9,7,3,6
45,11,35,5
21,15,7,11
55,3,53,2
19,7,13,3
63,45,19,5
2,1,2,2
60,45,16,8
28,18,11,2
18,7,12,11
40,35,6,9
51,37,15,11
4,4,1,5
9,3,7,1
67,42,26,7
66,34,33,3
17,4,14,11
2,1,2,6
47,4,44,3
14,3,12,7
41,19,23,4
19,16,4,8
57,18,40,5
9,7,3,9
30,27,4,9
73,45,29,9
43,31,13,7
29,8,22,9
34,10,25,8
53,6,48,6
14,14,1,9
72,5,68,7
10,6,5,3
37,32,6,6
55,53,3,9
30,3,28,11
19,8,12,10
4,2,3,6
62,26,37,1
5,1,5,11
42,29,14,10
54,28,27,9
68,54,15,2
33,15,19,9
28,27,2,10
71,50,22,9
23,23,1,10
67,3,65,2
4,4,1,1
47,18,30,6
5,4,2,3
54,29,26,2
13,10,4,10
10,4,7,11
49,14,36,7
34,5,30,11
16,14,3,7
39,19,21,11
2,1,2,7
67,11,57,1
56,21,36,8
39,18,22,1
55,14,42,4
49,34,16,5
2,1,2,2
39,9,31,6
17,1,17,5
3,2,2,2
65,61,5,8
4,4,1,2
36,29,8,5
71,68,4,7
23,4,20,2
73,7,67,6
49,30,20,9
14,14,1,4
13,2,12,6
37,23,15,9
61,21,41,2
10,5,6,1
53,53,1,4
12,9,4,3
54,27,28,1
41,28,14,10
68,26,43,7
51,35,17,8
8,2,7,7
30,19,12,8
65,62,4,1
67,58,10,7
16,13,4,9
63,23,41,10
31,2,30,6
43,6,38,10
65,48,18,5
3,2,2,1
23,6,18,11
12,10,3,2
10,1,10,6
56,47,10,4
1,1,1,1
59,10,50,8
30,14,17,5
56,30,27,7
49,22,28,9
51,42,10,4
31,29,3,3
25,17,9,9
18,13,6,2
58,27,32,2
40,16,25,8
72,47,26,4
14,6,9,2
24,23,2,11
42,11,32,5
73,31,43,1
11,6,6,2
14,7,8,6
21,3,19,9
67,12,56,2
54,45,10,10
21,2,20,5
51,44,8,8
22,8,15,11
18,4,15,11
11,4,8,2
25,20,6,11
28,14,15,5
25,20,6,10
4,1,4,9
46,34,13,2
52,9,44,9
70,31,40,3
11,4,8,7
58,35,24,5
48,2,47,1
60,10,51,5
25,6,20,5
19,12,8,7
17,17,1,2
9,1,9,10
25,21,5,8
6,6,1,5
17,11,7,7
65,45,21,1
17,3,15,8
36,10,27,6
49,26,24,7
18,12,7,2
28,22,7,3
36,31,6,8
40,1,40,4
50,2,49,7
56,36,21,10
19,2,18,9
32,29,4,8
13,6,8,5
11,1,11,2
1,1,1,2
20,8,13,4
61,50,12,7
1,1,1,6
23,9,15,10
60,15,46,10
49,25,25,9
12,11,2,10
60,32,29,10
12,7,6,11
45,13,33,6
36,20,17,1
7,5,3,8
16,11,6,5
10,1,10,9
61,6,56,10
17,1,17,3
28,16,13,8
61,27,35,2
58,56,3,10
23,1,23,3
12,7,6,1
21,8,14,7
46,20,27,11
34,31,4,1
19,17,3,6
23,6,18,6
57,1,57,6
25,5,21,1
47,24,24,8
35,35,1,1
56,13,44,11
15,12,4,10
45,33,13,2
67,13,55,10
64,15,50,3
3,2,2,9
13,11,3,3
59,4,56,1
42,6,37,5
52,28,25,6
17,6,12,2
4,1,4,9
34,29,6,7
39,39,1,3
52,9,44,8
50,46,5,6
33,20,14,11
9,3,7,11
60,17,44,3
31,26,6,4
48,30,19,4
13,5,9,9
18,11,8,2
4,3,2,7
72,34,39,1
40,2,39,4
61,34,28,8
7,7,1,8
51,36,16,8
34,34,1,5
40,9,32,4
62,13,50,1
16,3,14,1
30,17,14,2
51,50,2,9
10,6,5,7
65,21,45,6
59,15,45,5
56,45,12,10
6,3,4,4
12,8,5,8
27,15,13,1
28,2,27,5
10,6,5,8
32,26,7,3
55,55,1,2
30,15,16,8
73,63,11,9
51,18,34,5
44,33,12,10
32,8,25,2
70,32,39,9
73,22,52,3
3,1,3,8
66,54,13,4
40,37,4,8
4,4,1,1
2,2,1,7
16,2,15,7
4,4,1,11
25,11,15,10
65,13,53,5
54,20,35,6
22,21,2,7
7,3,5,7